00
78
66
00
53
65
20
00
00
00
68
72
00
00
6F
61
64
00
61
30
6F
00
00
21
78
5B
69
00
79
52
00
00
41
00
6E
6E
77
7A
3A
00
4F
6C
65
65
64
73
20
20
00
72
6D
00
00
00
01
00
00
6F
69
2F
43
FF
DB
80
F3
9A
02
68
00
41
3B
FF
D9
3B
2F
5E
88
2E
4D
3A
20
E4
CC
90
FC
00
00
FE
56
40
6F
20
68
00
00
00
00
00
00
20
00
00
61
74
00
00
64
2D
77
00
2D
2D
2D
00
00
15
0D
06
00
CD
6E
06
74
3D
72
00
20
66
47
00
45
3D
67
55
AA
00
65
00
20
65
28
00
49
00
69
00
D1
01
00
00
00
00
00
00
00
41
00
00
00
00
00
00
74
4C
4C
00
00
2E
00
00
00
69
22
74
20
72
22
00
00
00
4F
41
63
61
00
63
0A
E0
0F
FF
FF
21
39
C0
1C
1C
D0
90
00
00
FF
74
00
00
65
00
66
74
65
74
00
00
01
74
42
00
62
F3
76
20
20
3A
63
69
00
72
73
73
50
6C
6C
65
61
72
64
65
65
65
63
70
73
32
6C
74
2E
73
73
2D
63
61
61
65
73
6D
72
2E
64
6F
61
2D
2E
73
73
00
73
72
75
6D
73
6B
73
00
00
2D
64
00
65
6B
65
00
00
61
6E
74
69
6E
66
00
00
73
64
63
66
61
6F
69
72
62
2D
65
74
70
61
63
63
69
5F
00
76
6D
69
6F
69
73
00
73
00
74
63
00
3A
00
00
00
00
65
5F
64
64
00
6E
2E
6F
78
26
2F
00
6E
75
61
6E
64
48
3A
00
63
70
00
00
70
63
63
61
6C
63
00
00
2F
47
20
4F
63
00
6A
78
75
6C
64
65
78
65
74
78
65
67
48
73
00
74
69
65
F7
4E
73
2E
3F
63
65
6C
6C
72
6F
70
73
00
2F
74
44
2D
2E
67
70
53
61
43
63
63
61
FF
6E
00
2E
74
6C
00
74
00
74
6C
66
6F
6E
73
2F
6D
00
77
69
73
42
74
71
6F
62
6F
65
2E
61
32
3F
73
65
65
74
74
6E
74
62
75
75
73
2E
73
00
69
63
64
63
65
65
6F
6F
6D
6E
75
61
6D
6D
6E
65
61
77
00
61
6E
61
61
53
E8
69
00
00
00
00
72
72
6C
73
FB
49
79
2E
FF
6D
63
5F
5F
00
6E
62
68
65
6D
00
25
73
90
00
6F
20
70
00
00
53
59
6E
69
6C
64
63
00
78
63
61
65
65
01
69
63
74
00
04
00
4C
74
68
6E
6E
E0
00
6D
2E
61
64
69
69
65
65
53
69
6F
70
72
6E
2E
64
6D
69
65
00
65
61
5F
72
6F
2E
6F
73
72
5F
72
73
73
00
00
61
61
79
2E
2E
74
74
74
74
75
75
6C
00
65
65
70
70
69
6F
4E
62
64
6F
61
72
00
00
61
00
00
45
65
6E
6F
70
00
6E
6E
70
70
70
6F
6E
76
70
72
64
74
6E
65
77
6D
74
2E
65
65
77
61
61
48
61
74
63
61
61
45
2E
FF
00
6D
70
42
69
00
00
00
00
00
00
00
00
61
6F
6D
77
2D
63
2E
2E
3F
62
72
61
33
73
73
6C
6D
65
2E
00
6F
62
64
2F
2F
54
69
74
65
69
6F
69
6F
61
61
61
61
61
74
6C
20
20
74
65
20
61
65
20
65
2E
6F
67
66
65
73
72
65
73
6B
73
62
63
69
61
64
73
00
61
5F
61
6F
75
75
65
5F
73
00
65
65
41
64
32
72
72
63
53
49
65
6D
04
73
4F
00
00
00
69
50
43
4C
00
45
63
00
65
6E
67
49
6C
63
6C
6C
00
6D
65
63
00
00
4E
00
69
6C
61
69
62
76
74
5D
68
74
6C
72
57
2E
01
79
43
00
61
63
73
70
74
00
78
45
00
00
C0
4D
2F
00
45
00
00
00
00
52
57
72
00
6E
73
2E
00
00
00
6C
00
00
00
61
6B
70
00
00
00
67
67
00
00
00
00
73
2E
6C
5F
6E
5F
6D
74
00
00
00
20
00
00
00
00
00
00
00
00
66
65
72
00
6F
61
65
00
66
65
00
00
00
73
2E
33
33
73
61
61
61
6D
00
65
00
00
00
45
00
00
00
6D
63
00
00
62
76
73
73
62
63
74
77
74
2D
2E
68
2F
67
FF
75
00
00
00
69
74
79
69
6F
69
73
6C
5F
6D
61
6E
73
63
6F
61
74
65
66
76
6E
6D
74
69
61
61
77
61
6C
6E
74
73
30
45
72
6F
72
67
69
67
69
74
65
64
35
00
00
00
46
46
46
46
54
63
6E
65
70
72
6E
6E
6E
6E
6E
68
5F
70
73
62
70
74
65
65
65
6B
73
6E
2E
69
00
61
00
63
68
6E
65
6E
61
61
2E
61
64
74
69
70
00
00
00
00
00
00
00
00
69
00
65
65
65
64
74
65
2E
63
2E
49
00
00
00
00
00
00
00
00
00
79
75
67
00
65
6F
75
68
32
00
00
63
2F
2F
2F
3D
00
6E
00
00
00
00
63
41
51
00
00
00
45
00
00
00
00
6B
65
6C
66
2E
61
74
2F
6E
6F
65
69
00
6E
6F
75
72
5A
54
63
00
00
6E
2E
65
6C
61
00
75
0A
00
65
41
70
6E
6E
00
00
2E
00
00
00
52
52
44
00
00
30
6F
2E
44
4E
00
53
52
53
00
48
00
72
63
69
74
00
73
6F
00
00
54
43
6E
00
00
CC
00
00
00
00
6F
00
4D
00
00
00
00
00
6E
61
61
45
6A
00
00
62
79
31
74
00
74
52
41
50
44
50
4C
52
65
65
25
00
44
4E
50
49
49
64
55
4E
25
45
50
44
3D
67
67
67
00
6D
00
73
74
02
2F
69
69
2F
3D
2E
00
70
74
6D
50
32
65
41
00
70
6F
00
68
65
70
3F
41
6D
00
67
74
00
03
73
68
68
67
00
6D
2E
00
50
67
00
00
6F
2F
6D
3F
64
64
6C
65
2E
65
70
70
6E
76
6B
62
00
00
00
7C
65
70
6F
00
00
74
00
00
74
65
63
00
00
76
64
7C
00
6F
64
74
74
00
65
71
6F
49
61
6D
79
6C
65
50
72
65
68
74
62
2E
61
2E
2E
2E
41
61
3F
00
00
00
6B
61
00
00
6E
6C
00
6A
65
65
00
73
70
70
04
73
74
74
76
00
74
2E
2F
33
2E
70
72
65
00
77
78
61
25
2E
74
68
6D
00
63
64
62
2F
00
70
5F
67
75
64
7A
68
70
00
00
00
00
00
6F
45
6E
61
69
65
63
65
76
3A
32
23
23
65
67
74
0A
61
05
A0
00
70
69
6D
6D
64
71
79
23
75
65
64
30
73
64
64
3D
6C
6C
00
2F
3F
31
6C
03
6F
65
69
00
61
61
00
3F
64
73
00
00
00
00
01
00
63
72
20
66
65
00
00
00
00
00
00
00
00
00
65
65
2E
65
65
00
00
2F
66
00
3F
61
35
79
6C
2E
73
74
00
72
0A
0A
0A
77
73
05
00
70
6E
6E
6F
2E
3F
46
3D
69
69
72
73
68
69
6D
66
28
7E
DB
38
00
54
41
20
00
67
00
00
00
6F
2F
03
00
04
01
00
2E
05
00
74
79
4E
4E
4C
65
03
70
68
63
70
00
65
72
72
37
6C
6F
65
37
00
80
37
00
37
00
75
35
67
80
80
80
31
00
41
73
71
72
61
79
6D
74
6E
00
41
00
72
3F
14
63
2F
6B
69
61
2E
6E
00
64
6E
69
3D
00
00
62
51
2F
3D
2E
70
63
6D
00
02
75
72
00
69
3D
72
68
41
64
74
66
6A
70
00
00
79
43
76
00
00
00
00
00
00
65
70
00
2F
2F
54
2E
00
70
73
70
00
64
78
00
00
4C
C2
70
69
61
6E
2E
41
00
33
41
41
3C
65
C7
75
00
00
CC
13
FF
FF
68
79
73
2F
3A
70
00
00
6E
75
70
47
65
7C
61
6F
6E
6D
76
3A
00
74
65
00
00
6E
6B
20
4B
00
00
00
2E
62
73
00
65
6C
6D
00
00
00
00
00
74
6E
00
00
00
00
00
00
00
00
63
61
70
6E
6E
00
00
00
E9
E9
2F
62
69
6D
73
74
53
62
73
00
6F
69
64
6E
42
