00
7A
74
10
41
6D
7A
20
73
45
74
74
5C
50
50
74
67
00
69
30
63
30
77
30
6B
33
74
78
69
6F
6E
33
41
4E
63
63
6F
69
67
34
45
74
72
6C
73
34
65
69
69
77
72
6E
6E
00
00
00
00
75
65
2F
4D
E8
B0
B0
29
5E
C0
2B
FF
4D
31
5E
CD
31
FF
5F
5E
58
5D
6F
54
5B
B4
6F
EB
00
07
02
5E
5E
64
62
61
6F
00
00
00
00
00
20
00
00
6F
68
44
4C
53
73
73
54
73
73
73
32
54
12
0A
03
00
AB
6E
03
53
3D
65
74
20
63
53
00
00
3A
50
61
AA
53
74
30
67
66
64
3E
4D
70
76
54
10
00
00
00
2F
00
2E
2E
47
65
43
4F
44
44
44
44
6E
55
55
42
00
30
87
86
86
6E
68
72
67
6F
68
6F
86
00
52
41
70
61
00
62
65
F8
12
FB
04
02
02
1C
40
C0
20
90
CD
CD
90
70
2F
4C
61
70
69
72
3A
72
66
70
D0
67
74
4C
5F
FF
73
20
67
67
73
2E
61
65
68
68
48
65
65
65
63
63
6D
70
6D
76
68
6C
74
6E
61
70
65
67
77
65
65
70
65
69
65
67
6E
72
54
6E
61
69
61
69
67
72
6C
6E
61
69
61
6E
33
73
73
6F
69
73
75
6E
75
63
6B
33
64
57
72
61
6C
61
68
77
77
70
65
70
6E
62
65
61
61
6F
65
65
74
66
66
70
76
53
70
70
66
75
65
73
2E
76
43
72
2E
5C
73
61
6E
30
74
65
76
69
69
73
69
64
61
64
6D
65
75
69
70
6C
69
69
57
64
68
73
63
70
70
63
65
68
72
61
69
74
33
69
56
44
54
64
73
35
70
5F
5F
5F
2E
68
6D
6C
74
74
5F
41
74
73
6F
6F
72
FE
54
65
68
3F
65
61
65
65
79
62
74
73
30
74
65
64
25
6C
79
74
61
65
75
74
77
77
9A
64
2E
41
75
61
2E
72
74
6F
61
6F
6F
6F
61
2F
69
70
61
65
75
57
73
70
69
67
77
70
65
69
65
69
70
70
70
70
70
70
70
77
6F
6F
6E
6F
70
2F
76
65
78
78
61
74
65
6E
65
64
61
6E
69
6C
64
66
6C
6D
0B
74
61
74
74
41
DB
57
64
64
64
64
70
70
65
5B
FF
48
62
6F
FB
65
73
6D
76
00
64
67
78
74
65
73
6F
69
90
57
74
54
2E
00
41
49
54
64
63
61
6D
6D
00
6E
73
69
74
6D
00
75
62
69
82
02
00
55
68
62
6E
6E
00
00
70
72
77
6C
62
62
62
62
49
75
67
68
69
61
6F
65
61
61
64
77
74
70
69
73
6B
74
6E
65
65
70
78
31
31
52
55
6C
6C
75
65
65
6E
6E
6E
6E
6E
6E
73
4D
65
65
6E
6E
62
62
54
67
64
72
67
67
00
25
73
4C
52
56
76
62
63
6F
6F
6F
6F
73
73
6F
67
61
65
65
74
65
76
74
6F
61
6F
67
61
67
6C
6D
61
61
6F
74
75
65
74
74
4C
2E
FF
63
6F
74
57
6F
73
44
46
44
44
53
00
4F
65
72
6F
62
65
65
65
65
65
73
6E
61
61
66
66
61
65
72
64
66
6B
67
67
6F
6F
45
73
6C
68
73
6C
6C
6C
6C
6C
6C
61
61
65
73
61
74
6F
65
74
75
65
74
6D
63
65
64
62
73
73
67
65
65
62
74
61
64
61
6D
63
6E
49
31
65
6C
6E
6F
6F
63
75
73
87
73
73
52
67
32
67
67
65
44
46
68
62
00
73
45
00
30
54
77
52
43
4F
61
42
69
43
66
6C
66
45
65
65
65
6F
48
61
63
76
47
23
54
53
6E
65
65
65
61
63
6F
67
67
6F
65
74
52
72
00
74
53
6D
6C
70
67
70
72
64
52
45
86
00
05
4B
68
55
4E
4E
93
86
87
53
6C
74
54
70
70
61
4E
00
44
61
62
86
86
74
75
6F
53
4C
44
5F
5F
00
02
4C
52
70
6C
69
65
61
64
65
6D
68
00
87
72
86
86
0D
00
00
00
69
00
76
72
6E
41
65
73
42
6A
70
6D
73
6C
78
69
68
6F
6F
79
6C
70
70
72
F7
61
6F
86
86
45
50
50
45
6C
68
44
01
6B
77
73
65
68
6F
2E
2D
68
6D
65
75
72
6F
FF
6E
86
00
4D
53
6C
61
76
76
75
6E
6F
64
7A
7A
7A
69
6F
65
6C
75
6D
61
61
73
65
72
65
65
73
73
73
6F
62
69
65
4F
70
70
6F
65
68
77
64
64
73
65
65
58
00
50
46
4E
4D
4D
49
50
73
6E
69
65
6E
72
64
64
64
64
6F
6F
6F
69
68
65
3D
67
6F
6F
75
68
67
73
77
00
69
57
65
68
61
64
65
70
6F
65
61
70
75
6F
68
4B
53
3C
00
00
54
4F
50
61
00
68
68
77
71
64
68
74
65
61
53
00
00
54
00
01
61
6D
74
70
6E
6E
65
61
6E
77
67
6B
6F
6D
6D
70
6C
74
73
67
00
65
4C
53
00
05
6F
54
4E
54
41
54
4C
43
43
50
56
62
70
6F
69
6E
6D
65
54
6F
72
65
63
00
6E
78
65
72
4D
4F
6E
4D
02
6D
69
72
62
67
00
72
4E
74
65
5F
73
6F
6E
00
4D
6F
54
2E
20
4E
53
43
53
54
53
65
6C
50
41
54
41
42
53
46
41
46
65
6E
74
69
00
70
33
64
00
27
42
6E
00
D0
08
6D
6D
61
00
74
27
4B
4B
00
00
00
00
6E
77
77
56
6F
00
30
75
6E
44
54
79
6F
52
50
4F
4F
4F
4F
52
79
79
45
4D
53
53
53
49
55
53
4F
4F
41
41
52
53
30
6E
6E
69
32
74
00
70
65
65
74
6F
68
54
2F
69
69
68
75
4E
63
5C
73
65
00
6D
43
00
6E
74
69
54
65
68
73
6F
73
3D
BF
69
69
69
70
6E
6D
30
00
57
70
6B
6F
70
65
66
65
52
73
7A
66
64
2D
74
74
37
61
74
6F
74
6F
65
65
6D
67
74
6E
70
70
74
6D
70
74
6E
73
65
73
74
6E
70
77
73
6F
6C
6C
6F
6F
73
5C
61
63
6F
61
6D
48
6E
70
63
35
67
77
65
6F
6C
6F
65
6C
54
00
66
68
77
69
00
30
74
65
00
30
61
68
0A
64
6E
6D
6E
62
69
6C
6F
74
70
6F
61
54
50
66
65
69
30
46
6E
65
6F
69
72
78
32
70
65
75
73
61
75
65
67
77
74
66
6F
2E
22
6E
69
64
74
00
2D
44
0D
6F
6F
78
61
65
6D
49
69
49
49
76
69
65
78
65
00
82
00
63
69
69
61
67
6E
75
49
6F
70
73
61
69
77
71
6F
67
2F
6F
6F
65
4E
6F
7A
63
72
6D
30
63
64
73
74
2F
76
00
01
02
03
02
03
61
69
6E
66
61
00
00
01
01
02
02
03
03
20
6F
69
70
70
64
64
8D
53
2E
65
74
6E
69
75
62
61
61
6F
73
70
4C
41
41
6F
70
73
65
70
6F
74
75
6D
65
4A
64
53
45
72
61
6F
65
68
6F
F8
94
5E
44
20
2F
20
49
45
2F
2F
53
6F
2F
65
61
56
00
00
53
6E
6F
29
70
62
75
54
41
64
61
30
6F
65
65
00
6D
78
69
58
62
31
31
37
00
80
37
2A
D9
BA
BA
33
47
80
80
80
54
78
44
6D
73
31
69
72
63
70
62
4D
65
69
65
6E
C5
70
74
68
6F
70
69
64
65
6C
64
72
61
00
00
62
5F
72
78
69
68
6F
6F
6F
01
68
72
77
74
70
66
75
65
70
6F
73
69
74
00
73
6F
4E
B0
00
00
00
00
00
00
69
65
30
65
65
20
6F
69
72
6D
70
37
68
6E
73
70
44
42
6F
73
6E
70
6E
65
00
34
44
44
72
41
00
00
00
00
00
00
00
00
74
72
76
61
6F
65
05
31
73
63
64
65
70
65
65
77
72
6C
70
69
00
72
61
00
42
64
68
6D
49
00
00
00
61
67
70
4D
65
77
68
00
00
00
00
4D
72
6D
9B
00
4D
4D
61
4D
36
72
6E
50
6D
6F
73
4D
4D
03
E9
E9
73
67
74
74
74
73
54
67
70
64
77
69
70
70
30
