73
00
00
00
00
00
00
00
00
00
00
00
00
00
00
00
00
00
00
00
00
00
00
00
00
00
00
00
00
00
00
00
00
00
00
00
00
00
00
00
00
65
00
00
00
00
00
00
00
00
00
00
00
00
00
00
00
00
00
00
00
68
C0
B0
00
05
23
00
00
00
00
31
2F
00
00
00
00
30
00
00
31
50
66
90
2B
00
00
46
1E
06
00
00
00
00
00
00
00
00
00
00
00
00
00
00
00
00
00
00
00
00
00
00
00
00
00
1D
15
0E
09
CD
44
0E
20
3D
6D
00
20
6E
00
00
45
00
4A
65
AA
00
00
00
00
69
00
00
00
00
00
00
00
00
00
00
00
00
00
00
00
51
00
00
00
00
00
00
00
45
00
00
00
00
00
00
00
00
00
00
63
00
00
00
00
00
00
41
00
00
00
00
00
E0
0F
FF
FF
21
39
C0
1C
1C
00
90
00
00
73
00
00
00
00
00
00
00
00
00
00
00
20
00
00
00
74
00
6F
00
63
00
00
00
00
00
69
69
00
74
70
00
00
00
00
00
3F
00
00
00
00
00
00
00
00
00
00
00
70
00
00
00
00
00
00
00
00
00
00
00
00
00
00
00
63
00
00
00
00
00
00
00
00
00
00
00
00
00
00
00
00
00
00
00
00
00
00
00
00
00
00
00
00
00
00
00
00
00
00
00
00
00
00
00
61
63
00
00
00
00
00
00
00
00
00
00
00
00
00
00
00
00
00
00
00
65
6C
00
6F
00
73
00
00
00
00
2A
00
78
00
00
64
78
3D
00
00
00
00
00
00
00
00
00
00
00
00
00
00
65
00
00
00
00
00
00
00
00
00
00
00
00
00
00
00
00
00
00
00
00
00
00
2E
D1
00
69
00
00
00
63
00
00
00
68
00
00
00
00
6E
00
00
00
00
00
00
00
6C
00
00
00
89
00
00
00
00
00
00
00
00
00
00
00
00
00
00
00
00
00
00
00
67
00
00
00
00
00
00
6E
00
70
00
00
00
00
00
00
00
74
00
00
00
00
3F
00
00
00
00
00
00
00
00
00
69
00
00
00
00
00
00
00
00
00
00
00
00
00
00
6C
6C
00
00
74
00
00
00
00
00
00
00
FD
00
72
00
00
FF
00
00
00
00
00
00
78
00
00
63
00
00
00
90
00
00
30
00
00
00
00
00
00
00
69
00
00
00
00
73
00
63
00
00
00
00
00
00
A4
00
00
00
79
00
00
00
00
2E
00
00
00
68
68
00
00
00
00
00
00
00
00
00
00
00
00
69
00
69
00
00
2E
00
00
00
00
00
63
2F
00
00
00
00
00
00
00
00
00
00
00
00
00
00
00
61
00
00
73
00
00
00
68
00
00
00
00
00
00
00
00
00
00
00
00
6F
00
00
00
00
00
00
00
00
00
00
00
00
00
00
00
00
00
00
00
00
6E
00
00
00
00
67
67
63
00
69
00
00
00
00
00
00
00
00
00
00
63
00
00
00
00
00
00
00
00
00
72
00
00
00
00
00
00
00
00
00
00
00
69
69
00
00
00
00
00
00
00
00
00
00
4D
00
00
00
00
74
00
00
00
6E
00
65
00
63
00
00
00
00
00
00
65
73
65
00
00
00
00
69
00
00
00
00
00
00
70
00
00
00
00
00
00
00
00
70
00
00
00
00
6F
70
00
00
00
00
00
00
65
00
00
00
00
00
00
68
00
67
00
00
00
00
00
00
00
00
00
00
70
00
00
69
00
00
00
00
00
00
00
00
69
00
00
00
00
00
72
00
2F
00
69
00
00
34
00
00
6E
3A
57
00
00
00
6D
00
00
74
00
63
00
00
00
00
00
00
C0
03
00
00
00
00
00
00
00
00
74
79
00
00
00
00
00
00
00
65
00
00
00
00
70
00
00
00
00
00
65
00
00
00
00
00
00
69
70
00
68
00
63
00
00
00
00
00
00
00
00
00
00
00
00
00
63
69
00
00
00
00
00
00
00
00
00
00
00
00
00
00
00
00
70
00
00
00
69
00
00
00
00
00
00
00
00
00
00
00
69
00
00
00
62
6E
00
00
00
00
00
00
68
74
FF
00
00
00
00
00
00
00
00
00
69
00
00
63
00
00
00
00
00
00
00
63
67
00
00
69
00
69
00
69
00
00
00
00
00
70
00
00
00
00
00
00
00
00
00
00
65
00
00
00
00
00
00
00
00
00
00
00
00
68
00
00
68
00
68
70
68
70
00
00
00
70
00
00
00
00
00
00
67
73
00
00
6D
00
70
00
00
68
00
70
00
00
00
00
00
00
70
00
70
00
00
00
00
00
00
00
00
00
00
3F
00
70
70
00
00
00
00
00
00
00
00
00
00
00
00
00
00
00
00
00
00
00
00
00
00
00
00
00
00
6D
00
00
00
00
00
00
00
00
00
00
00
00
00
00
00
00
00
00
00
00
00
00
69
00
70
00
00
00
00
00
73
00
00
00
68
00
00
00
00
00
00
00
00
63
00
00
00
00
00
00
00
00
00
00
00
00
00
00
00
00
00
00
00
00
00
00
00
00
00
63
00
00
00
00
00
00
00
00
00
00
00
00
00
00
00
00
00
00
00
54
00
00
00
00
00
00
00
00
00
00
00
00
6F
00
00
00
00
69
00
00
00
00
00
00
00
00
00
00
00
00
00
00
00
00
00
25
25
00
00
00
00
00
00
00
00
00
25
25
00
00
00
00
00
00
00
00
00
00
00
00
27
00
00
67
00
00
73
00
6C
00
69
00
00
74
00
00
00
00
00
00
00
00
00
00
00
3A
00
00
3F
00
00
00
6F
00
00
00
00
64
00
00
00
64
00
00
00
00
00
70
00
00
00
00
00
00
00
00
66
64
3D
00
00
00
00
00
00
00
00
00
00
00
00
00
00
00
00
00
00
00
00
00
00
00
00
00
00
00
00
00
00
3E
00
00
00
00
00
00
00
3D
00
00
00
00
00
00
00
00
62
00
31
00
00
00
00
00
00
00
54
00
00
00
6D
00
00
00
00
00
6D
73
6E
00
00
00
70
00
68
00
00
69
65
00
00
6F
00
00
2E
00
00
00
2F
00
00
00
65
00
00
74
00
66
3D
00
00
00
00
00
00
00
00
00
0D
00
00
00
00
00
00
00
00
00
00
0D
0A
0A
00
00
00
00
00
00
00
00
00
00
00
00
72
69
00
00
6D
00
63
78
00
72
00
78
78
00
00
00
00
3F
00
65
00
70
00
00
00
00
00
69
00
00
00
00
00
00
00
00
00
00
00
61
00
00
00
00
00
00
00
00
00
00
00
00
00
00
00
00
00
00
00
00
00
00
6E
00
00
74
00
00
00
00
00
00
3F
00
65
00
00
74
00
00
00
00
00
00
00
00
74
65
65
74
00
00
00
00
00
00
00
00
00
00
00
00
00
00
00
00
68
65
00
00
00
00
00
72
00
00
74
00
00
00
00
00
00
00
00
00
00
70
00
68
00
0D
00
00
00
00
00
00
00
94
00
00
00
67
00
00
00
00
00
72
6F
00
74
00
5B
00
00
00
00
00
00
00
00
CE
70
00
00
3D
65
00
70
00
00
00
74
00
00
00
00
00
00
00
00
00
6F
00
00
00
65
00
00
00
00
3D
3F
00
00
00
65
00
00
00
00
61
00
A2
00
00
00
00
00
00
74
70
00
70
70
00
00
00
00
68
00
00
00
00
00
00
00
00
00
00
70
00
00
00
00
00
00
00
00
00
00
00
00
00
00
00
00
00
00
00
2E
70
00
72
00
00
00
00
00
3D
00
00
00
00
0A
00
00
00
00
74
6F
00
00
00
00
00
00
00
00
00
00
63
00
00
70
00
62
00
00
00
00
00
00
00
00
00
00
00
00
00
00
00
64
00
00
64
00
00
00
00
00
00
00
00
6E
00
00
00
00
74
00
00
00
00
00
00
00
