65
00
00
00
00
00
00
00
00
00
00
00
00
00
6E
00
00
00
00
00
00
00
00
00
00
00
00
00
00
00
00
00
00
00
00
00
00
00
00
00
00
6E
00
00
00
00
00
00
00
00
00
00
00
00
00
00
00
00
00
00
00
73
31
5E
FE
46
D0
00
00
00
F9
66
6E
F9
00
00
36
30
00
00
2E
B8
C9
90
80
00
02
89
56
89
00
00
00
00
00
00
00
00
00
00
00
00
00
00
00
00
00
73
00
00
00
00
00
00
00
1C
14
0D
08
AB
20
0D
65
3D
72
00
20
6D
00
00
45
00
20
4E
AA
00
00
00
00
70
00
00
52
00
6E
00
00
00
00
00
00
00
00
00
00
43
00
00
00
00
00
00
00
4E
00
00
00
00
00
00
00
00
00
00
65
00
00
00
00
00
00
41
70
00
00
00
00
03
24
4F
47
08
0B
13
80
A6
00
90
00
00
2F
00
00
00
00
00
7C
00
00
67
00
00
39
00
00
00
61
00
63
00
65
00
00
00
00
00
67
67
00
75
69
00
00
00
00
00
65
00
00
00
00
00
00
69
00
00
6C
00
2E
65
00
00
69
00
00
00
69
00
00
00
00
00
00
00
2E
00
00
00
00
00
00
00
00
00
65
00
00
64
00
00
00
00
00
00
00
00
00
00
00
00
00
00
69
00
00
00
00
00
00
69
00
69
00
00
76
2E
00
00
65
65
00
00
00
00
00
00
00
00
00
00
00
00
00
00
00
78
6D
00
6E
00
61
00
00
00
00
2E
00
65
00
00
69
65
65
00
00
00
6C
00
00
00
73
70
00
00
70
00
00
6C
00
00
53
00
00
00
00
00
00
00
00
00
00
00
00
00
00
00
00
00
00
00
2E
F7
00
67
00
00
00
2E
3F
3F
00
73
00
00
00
00
65
74
00
00
00
00
73
00
72
00
00
00
C0
00
00
00
6C
00
00
00
00
00
00
00
00
00
00
00
65
00
00
00
66
00
00
00
00
00
00
69
00
68
00
00
00
00
00
72
00
75
64
00
3F
00
69
00
00
00
00
00
69
00
69
00
67
00
00
00
00
00
00
00
00
00
00
00
00
00
00
64
64
00
00
65
00
00
00
00
00
00
00
FF
00
69
63
00
7F
00
00
00
00
00
00
65
69
00
2E
00
00
00
90
00
00
2E
00
00
00
00
00
00
00
67
00
00
00
00
65
00
2E
00
00
00
00
00
00
63
00
00
00
72
3A
3A
00
00
74
00
00
00
73
73
00
68
00
00
00
00
00
69
00
69
00
00
67
00
67
00
00
72
00
00
00
00
69
2E
68
3F
00
00
00
00
00
2E
00
00
00
00
00
00
00
00
2E
00
00
75
00
00
00
73
00
00
00
00
00
00
00
00
69
00
00
00
69
69
00
73
00
00
00
00
00
69
3F
00
00
00
00
66
00
00
66
00
66
2E
00
00
00
00
63
63
2E
00
67
00
00
00
00
00
00
00
00
00
00
2E
00
00
00
00
00
00
00
00
00
65
77
00
2A
00
00
00
00
00
00
00
00
67
67
00
6D
00
00
00
00
00
00
00
00
45
28
00
00
00
6E
00
00
00
6D
73
63
00
61
73
00
00
00
00
00
6C
61
73
65
00
00
00
67
00
00
00
00
69
00
2E
69
00
00
00
00
69
00
00
68
00
70
3F
00
20
2E
00
00
00
00
00
00
64
00
00
00
00
00
00
70
74
63
00
00
00
00
00
00
00
00
00
00
68
00
00
67
00
00
00
00
00
3F
00
00
61
2F
00
00
00
00
61
00
65
00
67
00
00
34
00
00
69
6E
61
00
00
00
78
00
00
61
00
2E
00
00
00
00
00
00
00
FB
00
00
00
00
00
00
00
00
65
65
00
00
00
00
00
00
00
2E
00
00
00
00
2E
00
00
00
00
00
6B
00
00
00
00
00
00
67
68
70
70
00
2E
00
00
00
00
00
00
00
00
00
00
00
00
69
2E
67
00
00
00
00
00
00
00
00
00
00
00
00
00
00
00
00
2E
00
00
00
67
00
00
00
00
00
00
00
00
00
00
00
67
00
6C
70
64
69
00
00
70
00
00
70
70
61
FF
00
00
00
00
69
00
00
69
00
67
69
69
2E
00
00
00
69
00
00
00
2E
63
69
69
67
69
67
00
67
00
00
00
00
00
68
6C
00
6C
6C
2F
65
65
00
00
00
2E
00
6C
00
00
00
00
00
00
00
00
00
00
74
00
00
70
00
70
2E
70
2E
00
70
00
68
00
00
00
00
00
00
63
61
65
00
64
00
2E
00
00
70
00
68
00
00
00
00
70
00
68
00
68
00
00
00
00
00
00
00
00
00
00
69
69
68
2E
00
00
00
00
00
00
00
00
00
00
00
00
00
00
00
00
00
00
00
00
00
00
00
69
00
00
73
00
00
00
00
00
00
00
00
00
00
00
3E
00
00
00
00
00
00
00
00
00
00
66
00
68
00
69
00
00
00
61
00
00
00
74
00
00
65
00
00
00
00
00
2E
00
6C
00
00
00
00
00
00
00
00
00
00
00
00
00
00
00
00
00
00
00
00
00
00
00
2E
00
00
00
00
00
00
00
00
00
00
00
00
00
00
00
00
00
00
00
50
00
00
00
00
00
00
00
00
00
6C
00
5F
6F
00
00
00
00
64
00
00
00
00
00
00
74
00
00
00
00
00
25
00
00
00
00
41
53
25
00
00
00
00
00
25
00
00
68
45
25
00
00
00
00
00
00
00
00
00
00
00
74
00
00
2E
00
00
6F
00
69
00
65
00
00
70
00
00
00
00
3D
00
00
00
00
00
00
43
00
00
67
00
00
00
03
00
00
73
74
6F
00
00
00
6E
00
00
00
00
00
74
00
00
00
00
00
3E
3D
00
6E
69
64
00
00
00
00
00
00
00
00
00
00
00
00
00
00
00
00
00
00
00
00
00
00
00
00
00
00
00
00
00
75
5C
3F
00
77
00
00
00
00
68
00
00
00
00
3D
00
00
00
70
00
2F
00
00
00
74
6D
00
00
43
00
00
00
6F
00
00
00
00
00
6F
61
63
00
00
00
69
00
70
00
00
65
6B
70
00
46
00
00
2E
3D
6C
00
61
00
00
00
6E
00
00
69
00
6E
70
00
00
00
00
00
00
00
00
00
6D
00
00
00
00
00
7A
6D
3D
00
00
63
0D
0D
6E
00
00
00
00
00
00
00
00
00
00
00
02
02
00
00
6F
00
02
63
00
6F
00
72
2E
00
00
00
00
70
00
2E
00
68
00
00
00
00
00
3F
00
00
00
00
00
00
00
5D
00
00
00
66
00
00
00
00
00
00
00
00
74
00
00
00
00
00
00
00
00
00
00
00
00
00
6F
00
00
65
3F
00
00
00
00
00
70
00
6E
00
00
68
00
00
00
00
00
00
0A
0A
68
6E
6E
70
00
00
00
00
00
42
00
00
4E
00
00
00
00
00
00
00
70
6D
00
00
00
00
00
6F
00
00
68
00
4C
00
00
00
00
00
3D
00
00
2E
70
70
00
6D
00
00
00
00
00
00
00
4C
00
00
00
44
00
00
00
00
00
61
68
00
68
00
20
00
3F
70
00
00
00
00
00
23
73
00
00
64
6C
00
68
00
00
00
2E
00
00
00
00
00
00
00
00
00
69
00
00
00
64
00
00
00
00
76
70
00
00
00
72
00
00
00
00
72
00
D4
00
00
00
00
00
00
61
2E
00
68
68
00
00
00
00
70
00
00
00
00
00
00
00
00
00
70
68
00
00
00
00
00
00
00
00
00
00
00
00
00
00
00
00
00
00
00
35
68
00
64
00
00
00
00
00
41
00
00
00
0A
0D
5F
00
00
00
6E
69
00
00
3D
00
00
00
00
00
00
00
2E
00
00
68
00
2E
00
00
00
00
00
00
00
00
00
00
00
00
00
00
00
69
00
00
49
00
00
00
00
00
00
73
00
6F
00
00
00
00
63
00
00
66
00
00
00
00
