44
73
00
00
00
00
65
00
00
00
65
68
00
00
20
00
6E
00
00
00
00
00
00
00
00
00
00
00
00
00
00
00
41
00
00
00
6B
00
00
00
00
73
00
00
69
00
75
6A
00
72
00
00
00
00
00
00
00
00
00
2F
00
62
31
75
89
89
92
00
00
00
0E
F5
FF
12
6E
89
89
32
4D
00
54
0B
04
90
B1
00
01
46
88
04
73
65
00
00
00
00
00
00
00
00
00
00
00
00
00
00
40
73
30
00
6C
69
74
00
00
18
10
09
00
AB
66
09
6E
3D
65
00
20
69
00
00
45
00
6F
2D
AA
00
69
00
69
29
6F
00
52
00
6C
00
00
00
00
00
00
00
00
00
00
6E
00
00
00
00
00
00
00
20
20
00
00
31
00
00
00
00
20
00
63
74
2B
00
00
00
00
41
65
00
00
00
69
03
24
4F
47
08
0B
13
80
A6
00
90
00
00
2F
00
00
00
3D
00
6D
70
6E
4D
00
65
52
00
00
00
72
FF
6F
6F
63
6F
00
00
00
65
61
61
2E
3F
3F
6D
2E
2E
2E
70
70
63
00
00
69
77
74
74
65
65
6C
69
6E
72
00
00
70
65
00
74
6E
2E
00
75
00
6C
65
00
69
2E
65
6C
00
61
2F
00
00
65
6E
00
2E
7A
63
00
00
2E
6C
00
00
72
6D
00
00
00
6E
2E
6D
70
32
2E
74
72
69
65
70
73
2E
2E
65
74
63
00
6D
6D
65
2E
2E
77
00
64
00
00
00
00
41
00
00
00
00
73
66
6E
77
00
65
72
6C
00
00
63
00
65
2E
61
65
77
73
61
00
64
2F
00
00
2F
37
65
00
65
65
00
00
73
20
00
52
00
00
00
00
73
69
65
00
00
00
78
00
00
61
00
64
00
2E
00
2E
BF
52
72
69
3F
63
66
2E
2E
70
73
00
2F
00
2E
6F
75
00
74
68
73
76
2F
6E
73
00
00
FF
68
00
00
6F
00
00
00
00
67
2E
6E
6E
00
73
00
6C
00
70
2E
72
58
69
72
2E
2F
64
66
70
6F
78
65
75
69
64
74
2D
65
2D
2F
2E
2E
68
70
70
00
55
76
6E
00
72
00
65
69
2E
69
00
74
6C
6C
67
67
61
3F
00
2E
00
43
43
00
FF
65
00
00
00
00
2E
2E
00
0A
F6
6C
6C
65
7F
65
00
6E
6E
00
68
2F
6C
67
73
00
00
00
90
00
00
54
00
00
00
00
20
00
00
65
61
00
00
68
61
6C
67
2E
00
00
00
00
00
75
00
00
79
69
54
74
00
00
6C
64
00
00
6C
73
73
6F
00
2E
6D
2E
2E
73
69
6B
65
70
63
00
6F
63
75
65
65
63
00
00
65
69
65
2E
2E
00
00
2E
2E
73
74
74
61
61
62
62
62
62
65
00
69
73
00
00
2E
73
00
2F
75
00
00
00
00
00
68
00
00
72
76
62
00
6B
00
74
74
6C
6C
65
6D
00
6E
73
2E
6E
2E
2E
34
2E
6B
6E
78
2E
64
3F
67
67
64
2E
6F
63
68
68
00
00
00
00
6C
00
58
6F
00
00
00
00
00
00
00
00
3A
4D
74
00
69
00
69
65
00
00
2E
0A
65
6C
6C
2E
6C
78
65
00
65
2F
2F
70
77
53
69
00
00
20
74
73
63
65
63
70
65
65
6C
75
00
65
6C
61
62
20
61
74
70
74
61
00
75
2E
63
2E
00
72
67
6E
6B
00
49
2E
2E
68
00
2F
69
69
73
2E
2E
69
6D
6D
00
65
2E
00
72
6E
3F
00
64
72
65
00
69
80
6F
20
00
00
00
00
50
43
00
00
00
72
00
60
72
00
00
2F
00
2F
2E
00
2F
2E
70
00
00
43
00
65
65
2D
2E
72
6C
74
4B
74
78
2F
61
59
69
00
6C
66
00
2E
72
00
6C
76
00
72
40
00
00
00
30
00
00
00
00
00
00
00
20
64
65
00
67
2E
69
00
00
00
2F
00
00
00
68
65
00
00
00
00
69
6C
00
00
00
00
2E
69
6F
64
72
61
2E
61
00
00
00
00
00
00
00
00
00
00
00
00
77
5F
75
00
2E
2E
00
00
00
72
00
00
00
00
69
65
65
6C
2E
6D
70
2E
00
6D
00
00
00
00
00
00
00
6C
2E
00
00
72
67
67
72
72
72
00
70
78
2E
70
6C
64
70
FF
65
00
00
00
6F
67
67
32
63
66
62
64
74
2E
2E
67
6B
00
63
63
72
6C
65
77
65
6C
69
2E
77
2E
63
2E
63
70
69
72
6C
70
65
48
74
77
65
65
78
6F
2E
6E
00
00
00
00
4D
4D
4D
4D
00
69
4C
68
68
69
2E
64
6D
65
74
68
69
68
6E
2E
00
00
00
65
64
6F
72
6F
00
74
00
2F
00
70
64
2E
65
2E
70
69
70
73
68
6E
63
74
00
00
00
00
00
00
00
00
00
00
69
69
65
74
2E
2E
00
70
70
00
00
00
00
00
00
00
00
00
00
00
6D
75
00
00
00
00
00
77
00
00
69
00
00
00
00
00
2E
00
00
00
00
6A
55
54
00
00
00
00
00
00
00
00
2D
65
2E
75
75
2E
73
00
73
6F
70
3A
00
4C
6F
65
65
45
00
64
00
00
67
70
69
2E
2E
00
2E
00
00
00
00
73
69
54
00
00
70
00
00
00
00
00
45
00
00
30
70
00
00
00
00
00
45
49
00
00
00
00
64
74
00
00
2E
6C
00
00
50
00
79
00
00
00
00
00
00
00
63
00
5F
6F
00
00
00
00
45
2E
2E
00
6A
00
00
63
00
00
3A
00
65
44
25
25
56
48
50
46
72
6F
00
00
41
45
46
00
00
65
52
52
00
25
00
41
00
00
00
00
00
75
00
2B
70
00
2E
74
00
30
00
70
00
3D
2D
64
70
00
26
6E
00
3F
2F
00
00
00
2E
00
6E
3D
00
6C
00
00
00
2E
6F
65
69
30
69
70
00
00
63
00
00
65
20
00
71
00
00
00
6D
70
30
3F
3F
69
70
68
0A
00
00
00
00
00
74
7C
00
00
00
00
00
00
00
00
00
00
00
7C
00
00
7C
7C
7C
00
00
63
6E
6F
45
68
00
7A
75
00
2E
00
77
3F
00
2F
70
3F
6D
6D
6D
6E
3D
48
00
00
00
6D
6E
00
00
44
73
00
00
68
68
00
00
00
00
75
72
61
00
63
00
69
70
64
31
00
3F
70
72
00
64
68
3D
4E
6D
5F
00
61
00
71
00
6F
00
00
3F
3D
67
3F
00
63
70
74
00
00
00
00
00
73
00
65
2F
70
00
62
61
73
00
00
7A
6A
2E
65
2F
00
2E
00
00
00
00
00
6C
74
00
63
76
63
64
64
63
03
61
63
64
00
69
64
00
68
72
00
64
6D
2E
68
67
00
68
68
00
00
2E
6E
00
00
00
00
00
00
2F
65
00
5F
64
00
00
00
00
00
00
00
00
6B
00
00
65
00
00
00
00
00
00
00
00
00
63
65
61
70
6C
2E
00
02
00
00
00
65
00
74
00
00
6F
00
2E
65
74
00
00
67
67
72
6F
6F
65
68
70
00
00
00
39
00
2F
45
36
00
32
00
00
00
00
64
31
00
00
00
00
6C
66
00
00
62
00
49
00
00
76
00
63
62
65
00
76
64
64
00
65
2E
2E
00
00
88
00
00
FE
00
00
00
43
88
88
88
00
00
69
65
72
31
69
0A
00
2E
78
00
6E
00
70
00
7E
65
00
69
72
6D
70
63
00
65
6D
2F
00
00
00
34
4E
00
44
70
2F
56
68
00
00
72
68
00
70
00
6E
65
6E
6E
2F
64
00
00
00
00
79
00
5A
00
00
00
00
00
00
73
65
00
74
74
31
70
00
00
69
3F
00
00
73
00
00
3D
00
3F
6F
65
68
70
6E
00
00
44
00
00
6C
C2
C7
00
00
8F
00
00
00
6E
00
6E
66
00
68
00
00
00
79
00
70
67
7C
2E
69
68
61
00
00
00
6C
69
00
00
68
64
00
00
00
00
00
70
2F
2F
00
61
65
65
00
00
00
00
00
33
64
00
00
00
00
00
00
00
00
70
73
00
73
6F
00
00
00
00
00
74
2F
74
64
64
6C
43
2F
74
00
2E
71
6E
75
25
