00
68
0D
00
54
20
73
00
00
00
72
73
00
00
74
65
69
00
00
00
72
00
00
00
00
00
00
00
00
00
00
00
41
00
00
00
72
00
00
00
00
6F
00
00
65
00
6F
69
00
65
00
00
00
00
00
00
00
73
6E
2E
53
2F
FF
C0
F9
C9
08
00
00
45
7E
FF
FF
7E
69
FB
FA
37
FE
2F
54
C3
E9
90
C9
01
00
89
D2
46
74
20
00
00
00
00
00
00
00
00
00
00
64
00
00
00
64
73
30
00
6B
61
61
00
00
17
0F
08
00
CD
20
08
69
3D
62
00
20
68
51
00
45
3F
72
20
AA
00
61
00
61
73
6F
00
54
00
20
00
19
00
00
00
00
00
00
00
00
65
00
00
00
00
00
00
3E
41
41
00
00
2E
00
00
00
00
2B
00
6E
6F
20
00
00
00
0A
41
62
00
04
70
75
25
34
82
1F
80
80
A6
11
13
08
90
00
00
FF
3A
00
00
20
00
6F
4D
6F
0A
00
00
00
00
78
00
61
F3
68
6F
6E
72
69
00
00
76
72
72
31
73
73
64
64
6D
64
2E
61
2E
69
65
72
77
73
73
78
2E
65
67
75
65
73
00
6F
73
32
61
69
6D
00
6F
6C
70
2E
00
66
6E
76
69
00
62
6C
00
00
75
69
00
76
72
2E
00
00
73
70
00
00
61
72
00
00
6C
69
69
72
2E
6D
74
63
61
67
63
6D
72
69
65
2F
61
70
00
64
64
2E
73
65
70
00
2E
00
72
00
00
44
00
00
00
00
6F
6E
69
70
00
6D
74
64
00
00
2B
00
6D
74
2E
6D
70
74
64
00
2E
73
00
00
73
39
64
6D
74
64
00
00
69
2F
00
45
69
00
70
00
64
6C
68
00
00
65
65
00
65
65
00
77
00
72
64
2F
B9
55
6F
67
3F
2E
5F
73
73
6F
74
00
70
00
2E
44
63
00
68
70
73
72
74
61
73
00
6C
07
70
00
00
6F
72
00
00
00
63
67
2E
2E
66
6E
2F
69
00
2E
74
6F
45
2E
65
66
6E
72
69
68
69
65
75
64
2D
2D
72
70
68
6C
6E
6E
6E
63
68
2D
00
20
2E
69
69
67
00
64
66
70
66
00
65
69
69
6F
63
6F
72
00
65
6F
65
65
00
FF
53
00
00
00
00
67
67
00
0D
FF
5B
71
78
78
2E
00
69
69
00
70
6E
6D
63
73
00
00
00
90
00
70
54
00
00
00
00
2A
2F
6E
6E
47
69
00
70
73
70
61
64
00
00
00
00
00
70
00
41
72
68
2D
2D
00
00
69
6D
73
72
74
74
2E
6C
20
6E
75
72
63
77
67
73
6B
2E
72
00
74
2E
6F
6B
2E
64
79
72
74
6C
73
33
33
00
00
61
61
6D
61
61
62
62
2E
2E
2E
2E
6D
00
2D
2D
3F
00
74
74
4F
6E
62
00
6C
70
00
00
63
00
00
74
2F
64
00
63
00
68
68
70
70
67
75
66
2E
6E
70
69
34
34
74
36
72
75
6F
74
2E
72
61
61
6E
65
6F
2E
63
63
00
00
00
00
69
3F
45
76
00
00
00
00
00
00
00
00
65
5F
6E
00
67
69
67
78
00
74
6E
3F
2E
61
61
67
69
61
78
00
2E
6E
73
74
77
5F
74
00
00
65
73
77
72
6C
5F
5F
6C
6C
62
5F
00
73
62
74
61
65
64
61
61
61
62
00
72
74
2E
6D
6B
65
63
6F
6C
65
65
6C
70
63
00
73
61
2E
6C
66
66
73
65
78
01
2E
34
00
74
69
63
63
2E
6F
64
65
6C
00
77
54
00
00
00
30
52
43
2A
00
00
6F
00
22
6F
00
46
74
00
74
73
00
6E
74
69
00
00
49
00
77
7A
74
64
61
2E
2E
2E
69
74
74
7A
36
67
00
70
6E
00
73
67
00
62
6E
00
65
00
00
00
08
2E
69
00
00
00
00
00
00
48
6E
7A
00
6F
62
67
00
00
00
6F
00
00
00
63
72
00
00
00
00
72
65
00
00
00
00
64
67
74
6F
61
6D
67
65
00
00
00
00
00
00
00
00
00
00
00
00
6F
73
62
00
74
6B
2F
00
00
61
00
00
00
00
6E
2E
2E
70
73
69
2E
67
00
78
00
00
00
00
00
00
00
70
67
00
00
61
63
6F
65
61
6F
6C
2E
6F
32
68
6D
6E
69
FF
63
00
00
00
74
63
63
77
2E
69
65
61
63
6E
64
63
65
69
2E
2E
65
6F
6C
65
67
69
61
65
73
6C
2E
69
2E
2E
70
65
64
63
6C
65
63
70
2E
2E
65
6F
73
69
00
00
00
00
4F
4F
4F
4F
3A
67
2D
70
70
2E
73
65
65
68
73
70
73
70
69
78
00
00
74
2E
2E
74
61
6D
6C
68
00
79
00
2E
61
72
62
73
2E
6D
68
65
70
6F
2E
6F
00
00
00
00
00
00
00
00
2F
00
6D
6D
74
5F
67
74
6C
2E
68
45
00
00
00
00
00
00
00
00
00
00
61
6F
00
00
70
00
73
61
00
00
74
00
00
00
00
00
6F
00
00
00
00
2E
51
4F
00
00
00
00
00
00
00
00
70
72
73
72
6D
6C
61
00
61
70
2E
6E
00
2D
64
54
20
4E
00
5F
00
00
66
73
73
6D
6C
00
74
0A
00
00
00
75
75
2D
00
00
68
00
00
00
00
00
54
00
00
30
65
2E
00
00
00
00
42
52
00
00
00
5C
65
6E
00
00
61
64
00
00
59
00
74
00
00
CC
00
00
00
00
62
00
4E
6F
00
00
00
00
2D
73
73
00
2E
00
00
61
00
00
70
00
70
4D
41
43
49
54
50
4D
44
52
00
00
54
4D
4F
25
25
6C
45
45
00
54
25
4D
00
3F
00
00
00
6F
00
27
2E
75
31
2E
3D
2E
00
73
00
70
78
77
3E
00
6D
65
00
70
65
00
00
00
64
00
65
63
00
61
74
00
00
68
63
6E
6F
00
67
69
00
00
74
00
00
74
30
00
65
00
00
00
61
68
35
70
70
2D
2E
70
0D
00
00
00
00
00
73
74
00
00
7C
00
00
7C
7C
7C
00
00
7C
73
00
00
64
73
70
7C
00
2E
69
79
4C
2E
3D
6E
72
2F
31
28
20
2F
00
6E
68
70
74
74
74
65
65
20
00
00
00
61
79
00
00
22
73
00
67
62
67
00
78
00
70
78
61
62
00
03
00
2F
68
6E
30
00
70
2E
65
00
72
70
65
30
74
31
00
74
00
3F
20
78
2E
00
70
64
6A
2F
00
03
3F
65
00
00
00
00
00
69
00
6D
64
2E
65
75
75
72
00
00
69
20
6B
7A
74
00
65
00
00
00
00
67
69
6E
20
73
65
6E
61
70
03
32
03
03
6E
00
67
61
00
63
65
00
61
6F
6B
2E
61
00
70
70
00
00
78
6F
00
00
00
00
00
00
6E
2E
00
78
70
00
00
00
00
00
00
00
00
00
65
65
78
65
65
00
00
00
00
00
2E
6C
03
76
64
68
6B
72
00
6C
00
00
00
72
00
79
00
70
62
3D
74
78
61
00
00
61
61
74
63
6C
74
74
2E
47
15
51
32
00
50
4E
38
00
54
00
00
00
2F
72
73
00
00
00
00
6D
79
00
00
63
4F
43
00
65
30
00
03
3F
72
00
2F
61
61
00
74
6D
64
37
00
24
37
00
5A
00
00
00
47
B4
79
73
00
00
6C
72
65
72
74
28
3D
62
65
00
65
00
2E
00
F5
69
00
69
65
2F
68
61
00
74
74
6F
00
00
00
A1
49
00
30
68
2F
6C
70
00
00
65
70
00
2E
00
5F
73
65
69
72
65
67
3F
00
00
72
00
04
00
00
00
00
00
00
45
67
00
61
61
2F
68
00
00
72
70
00
00
61
00
00
41
DF
70
66
6C
70
68
65
00
3D
30
00
00
62
6B
F7
00
00
89
53
F4
F4
65
00
6F
6E
00
70
00
00
3D
73
70
2E
6F
4D
65
64
74
6E
2F
00
00
45
6E
00
00
70
70
00
20
00
00
00
68
6E
6E
00
6D
76
53
01
01
01
01
00
76
49
00
00
00
00
00
00
00
00
2E
6A
00
61
54
00
00
00
00
00
6E
6E
65
74
61
2E
54
6E
61
00
64
67
69
6C
6C
