76
00
00
00
00
00
00
00
00
00
00
00
00
00
65
00
00
00
00
00
00
00
00
00
00
00
00
00
00
00
00
00
00
00
00
00
00
00
00
00
00
6F
00
00
00
00
00
00
00
00
00
00
00
00
00
00
00
00
00
00
00
2F
80
4C
3C
C6
0F
00
00
00
89
90
69
89
68
F2
89
33
00
00
31
23
33
90
F3
E8
01
06
88
40
00
00
00
00
00
00
00
00
00
00
00
00
00
00
00
00
00
73
00
00
73
00
00
00
00
1B
13
0C
00
CD
6D
0C
6C
3D
41
00
20
6C
00
00
45
00
79
20
AA
00
00
00
64
6F
00
00
4F
00
69
00
00
00
00
00
00
00
00
00
00
49
00
00
00
00
00
00
00
4E
00
00
00
00
00
00
00
00
22
00
72
00
00
00
00
00
00
41
6F
00
00
00
0A
25
34
82
1F
80
80
A6
11
13
00
90
00
00
6E
00
00
00
22
00
22
67
00
6F
00
00
00
00
00
00
70
00
5F
00
72
00
00
00
00
00
63
63
00
6F
72
6C
69
69
69
00
78
00
00
00
00
00
6C
67
00
00
70
00
72
78
00
00
67
00
00
00
67
69
00
65
00
00
00
00
73
69
00
6C
00
00
00
00
00
00
78
00
00
6D
00
00
00
00
00
00
00
00
00
00
00
00
6C
65
67
00
00
00
00
00
00
67
6C
67
6C
70
65
6E
00
00
78
78
00
64
64
00
00
00
00
00
00
00
00
00
00
00
00
65
74
00
61
00
2E
00
00
00
00
2A
00
2E
65
00
2E
61
6C
00
00
00
72
00
00
00
74
73
00
46
73
00
00
70
00
00
45
00
00
00
00
00
00
00
00
00
00
00
00
00
00
00
00
00
65
00
2E
FF
00
63
00
00
3F
64
65
69
00
2E
00
00
00
2E
6D
6E
00
00
6C
00
65
00
55
00
00
00
31
00
00
00
70
00
00
00
00
00
66
00
00
00
00
00
78
00
33
69
63
00
00
00
69
00
6C
6C
00
70
00
3D
00
6F
66
65
72
6F
6E
00
69
69
67
00
70
00
00
00
67
00
67
00
63
00
69
73
00
00
00
00
00
00
00
00
00
6C
00
2E
2E
00
00
6C
00
00
00
00
6C
6C
00
08
00
64
6E
00
78
00
00
00
00
00
00
2E
67
00
65
00
00
00
90
00
00
31
00
00
00
00
00
00
00
63
3F
00
00
00
6C
2F
61
70
00
00
00
00
00
69
00
00
00
6F
65
65
00
00
73
00
00
00
2E
2E
00
73
00
69
6C
69
00
67
00
67
6C
00
63
00
63
00
65
65
00
00
00
00
67
74
63
69
69
00
00
7C
00
2E
00
00
00
00
7C
00
7C
00
79
00
6F
74
00
00
3F
2E
00
00
00
00
00
00
00
00
67
00
00
73
73
67
00
65
00
00
00
00
00
67
6C
00
00
00
66
73
66
66
73
66
73
72
00
65
00
3D
2E
2E
72
65
63
00
63
00
00
00
00
00
00
00
00
73
00
00
00
00
00
00
00
00
00
70
32
00
3F
00
00
00
00
00
00
00
00
63
63
69
66
00
00
00
00
00
00
00
00
54
3D
00
00
00
69
00
00
00
75
76
61
00
70
72
00
00
00
65
00
62
62
61
78
00
00
00
63
69
00
69
00
67
00
67
67
00
6F
69
72
67
00
00
70
00
68
70
70
2C
65
00
05
00
65
00
00
75
00
00
00
00
00
00
2E
6F
2E
00
00
00
00
00
00
00
00
00
00
70
00
00
63
00
00
00
00
6E
70
00
00
6D
2F
00
00
45
00
6A
00
74
65
63
00
00
6C
00
00
6D
6F
74
00
00
00
2E
00
61
74
00
68
00
00
00
00
00
00
08
00
00
00
00
00
00
00
00
00
4E
6B
00
6C
00
00
00
00
00
64
00
00
00
00
79
00
00
00
00
00
65
00
00
00
00
69
00
63
70
68
2E
70
68
00
00
00
00
00
00
00
00
00
00
00
00
67
67
63
00
65
65
00
00
00
00
00
00
00
00
00
7C
00
00
00
65
00
70
00
63
00
00
00
00
00
00
00
00
69
00
00
63
00
6C
73
6D
2E
00
00
68
70
00
68
2E
74
FF
00
00
00
00
67
00
00
67
00
63
67
67
6E
69
69
00
67
00
00
00
72
2E
67
67
63
67
63
69
63
69
00
69
00
00
70
6C
00
6C
6C
70
78
78
00
00
00
65
65
6C
00
00
00
00
00
00
00
00
00
00
67
00
00
2E
70
2E
64
2E
73
00
68
00
70
70
00
00
00
00
00
2E
2E
78
00
61
00
62
00
00
2E
70
70
70
00
00
00
68
00
70
66
70
00
00
00
00
00
00
00
00
00
00
67
67
70
65
00
70
00
00
00
00
00
00
00
00
00
00
00
00
00
00
00
00
00
00
00
00
00
67
00
00
2F
00
00
00
00
00
73
00
00
00
00
00
45
00
00
00
00
00
00
00
00
00
72
5F
70
70
00
67
00
00
00
2E
00
00
00
67
00
00
6C
00
00
61
00
00
74
00
70
00
00
00
65
00
00
00
00
00
00
65
00
00
00
00
00
00
00
00
00
00
00
31
65
00
00
00
00
00
00
00
00
00
00
00
00
00
00
00
6D
00
00
00
4D
00
3D
00
00
00
00
00
00
00
6C
00
54
72
00
00
00
00
6F
00
3F
00
00
00
00
61
00
00
00
00
00
41
00
00
00
00
54
45
65
25
00
00
00
00
45
00
00
74
4D
52
00
00
00
25
00
00
00
00
00
00
00
6E
00
00
61
00
00
48
00
66
00
63
00
00
6D
00
00
00
00
64
00
00
00
00
74
00
20
00
00
70
00
00
00
67
00
00
6A
00
63
00
00
00
61
00
00
00
00
00
74
00
00
00
00
00
2D
67
3D
69
3F
69
00
00
00
00
00
00
00
00
00
00
00
00
00
00
00
00
00
00
00
00
00
00
00
00
00
00
00
00
00
72
5C
6C
00
70
00
00
00
00
74
00
00
00
3D
63
00
00
00
20
00
50
00
00
00
65
6F
00
00
45
75
00
00
63
63
00
00
00
00
63
2E
02
00
00
00
2E
00
2E
00
00
6E
3F
68
00
2D
00
00
65
72
6C
00
78
00
00
00
69
00
00
76
00
69
6D
00
00
3D
20
00
00
00
00
00
6F
00
00
00
3F
00
69
6F
6E
00
00
62
73
65
69
3D
00
70
00
00
00
00
00
00
00
00
69
73
00
00
63
00
68
02
00
03
00
63
6E
00
00
00
00
73
00
6D
6C
70
00
00
00
00
00
70
00
00
00
00
00
00
00
30
00
00
00
65
00
00
00
00
00
00
00
00
00
00
00
00
00
00
00
00
00
00
00
00
00
00
69
3A
00
6E
70
00
00
00
00
00
68
00
03
00
00
2E
00
65
00
00
00
00
0D
0D
2E
03
03
65
3D
00
00
00
00
37
00
00
4F
00
00
00
00
00
00
00
2E
61
00
00
00
00
00
03
00
00
2E
00
41
00
00
6C
00
00
47
00
00
77
68
2E
00
6F
70
70
00
00
00
00
00
BA
00
00
00
47
00
00
00
00
00
6F
73
00
2E
3D
20
00
6C
68
00
20
00
3F
00
DF
3D
00
00
69
75
3D
70
00
00
00
73
00
00
00
00
00
00
41
00
00
73
00
00
00
6F
00
00
00
00
3F
68
00
00
00
74
00
00
00
00
2E
00
43
00
00
00
00
00
00
6C
70
00
70
70
00
00
00
00
2E
00
00
00
00
00
00
00
00
00
68
70
00
00
20
00
00
41
00
00
00
0E
82
00
00
67
00
00
00
00
00
2E
70
00
62
00
00
00
64
00
3F
72
00
70
0D
62
72
00
00
00
65
74
00
00
66
65
00
00
00
00
00
00
69
00
00
70
00
70
08
03
02
05
00
00
00
00
00
00
00
00
00
00
00
3F
00
00
3F
00
00
00
64
00
00
65
00
63
00
00
00
00
69
00
00
6E
00
00
73
00
