00
00
00
00
00
00
00
00
00
00
00
00
00
00
00
00
00
00
00
00
00
00
00
00
00
00
00
00
00
00
00
00
00
00
00
00
00
00
00
00
00
00
00
00
00
00
00
00
00
00
00
00
00
00
00
00
00
00
00
00
00
00
00
00
00
00
F8
00
00
00
00
00
68
00
00
00
00
6E
00
00
00
00
10
90
00
00
00
00
00
00
00
00
00
00
00
00
00
00
00
00
00
00
00
00
00
00
00
00
00
00
00
00
00
00
00
1F
17
00
0B
CD
6C
10
6F
3D
64
00
20
70
00
00
45
00
6D
77
AA
00
00
00
00
64
00
00
00
00
00
00
00
00
00
00
00
00
00
00
00
00
00
00
00
00
00
00
00
54
00
00
00
00
00
00
00
00
00
00
00
00
00
00
00
00
00
41
00
00
00
00
00
25
34
82
1F
80
80
A6
11
13
00
00
00
00
00
00
00
00
00
00
00
00
00
00
00
00
00
00
00
00
00
00
66
00
00
00
00
00
00
00
00
00
00
00
00
00
00
00
00
00
00
00
00
00
00
00
00
00
00
00
00
00
00
00
00
00
00
00
00
00
00
00
00
00
00
00
00
00
69
00
00
00
00
00
00
00
00
00
00
00
00
00
00
00
00
00
00
00
00
00
00
00
00
00
00
00
00
00
00
00
00
00
00
00
00
00
00
00
2F
6D
00
00
00
00
00
00
00
00
00
00
00
00
00
00
00
00
00
00
00
00
00
00
00
00
00
00
00
00
00
00
00
00
00
00
00
00
00
00
00
00
00
00
00
00
00
00
00
00
00
00
00
00
00
00
00
00
00
00
00
00
00
00
00
00
00
00
00
00
00
00
00
00
00
00
00
00
00
00
00
00
00
69
00
00
00
00
00
00
00
00
00
00
00
00
00
00
00
00
00
00
00
00
9D
00
00
00
00
00
00
00
00
00
00
00
00
00
00
00
00
00
00
00
00
00
00
00
00
00
00
00
00
00
00
00
00
00
00
00
00
00
00
00
00
00
00
00
00
00
00
00
00
00
00
00
00
00
00
00
00
00
00
00
00
00
00
00
00
00
00
00
00
00
00
00
00
00
00
00
00
00
00
00
00
00
00
00
78
00
00
00
00
00
00
00
00
00
69
00
00
00
90
00
00
00
00
00
00
00
00
00
00
00
00
00
00
00
00
00
69
00
00
00
00
00
00
06
00
00
00
00
00
00
00
00
6C
00
00
00
00
00
00
00
00
00
00
00
00
00
00
00
00
00
00
00
00
00
00
6C
00
00
00
00
00
69
00
00
00
00
00
00
00
00
00
00
00
00
00
00
00
00
70
00
00
00
00
00
00
00
00
00
00
00
00
00
00
00
00
00
00
00
00
00
00
00
00
00
00
00
00
00
00
00
00
00
00
00
00
00
00
00
00
66
00
00
00
00
3F
00
69
00
00
00
00
00
00
00
00
00
00
00
00
69
00
00
00
00
00
00
00
00
00
00
00
00
00
00
00
00
00
00
00
00
00
00
00
00
00
00
00
00
00
00
00
00
00
00
00
00
00
00
00
00
00
00
00
00
00
00
00
00
00
00
00
00
00
00
00
00
00
00
00
00
00
00
00
00
00
00
00
00
00
00
00
00
00
00
00
00
00
00
00
00
00
00
70
00
00
00
00
00
00
00
00
00
00
00
00
00
00
00
00
00
00
00
00
00
80
00
00
00
00
00
00
00
00
00
00
00
00
00
00
00
00
28
00
00
00
00
00
00
00
00
00
00
00
00
00
00
00
00
00
00
00
00
00
00
00
00
73
00
69
00
00
00
00
00
00
08
00
00
00
00
00
00
00
00
00
00
00
00
00
00
00
00
00
00
65
00
00
00
00
70
00
00
00
00
00
00
00
00
00
00
00
00
00
00
00
00
00
69
00
00
00
00
00
00
00
00
00
00
00
00
00
69
00
00
00
00
00
00
00
00
00
00
00
00
00
00
00
00
00
70
00
00
00
00
00
00
00
00
00
00
00
00
00
00
00
00
00
00
00
00
00
00
00
00
00
00
00
00
73
FF
00
00
00
00
00
00
00
00
00
00
00
00
69
00
00
00
00
00
00
00
69
00
00
00
00
00
00
00
00
00
00
00
00
00
00
00
00
00
00
00
00
00
00
00
00
65
00
00
00
00
00
00
00
00
00
00
00
00
00
00
00
00
00
00
70
00
70
00
00
00
00
00
00
00
00
00
00
00
00
00
00
6E
00
70
00
00
00
00
00
00
00
00
00
00
00
00
00
00
00
00
00
00
00
00
00
00
00
00
00
00
00
70
00
00
00
00
00
00
00
00
00
00
00
00
00
00
00
00
00
00
00
00
00
00
00
00
00
00
00
00
00
00
00
00
00
00
00
00
00
00
00
00
00
00
00
00
00
00
00
00
00
65
00
00
00
00
00
00
00
78
00
00
00
00
00
00
00
00
00
00
00
00
69
00
00
00
00
00
00
00
00
00
00
00
00
00
00
00
00
00
00
00
00
00
00
00
00
00
69
00
00
00
00
00
00
00
00
00
00
00
00
00
00
00
00
00
00
00
00
00
00
00
00
00
00
00
00
00
00
00
00
00
00
00
00
00
67
00
00
00
00
00
00
00
00
00
00
00
00
00
00
00
00
00
00
00
00
00
00
00
00
00
00
00
00
00
00
00
00
00
00
00
00
00
00
00
00
00
00
28
00
00
76
00
00
3A
00
3D
00
74
00
00
00
00
00
00
00
00
00
00
00
00
00
00
00
00
00
00
00
00
00
67
00
00
00
00
31
00
00
00
26
00
00
00
00
00
00
00
00
00
00
00
00
00
00
00
00
00
00
00
00
00
00
00
00
00
00
00
00
00
00
00
00
00
00
00
00
00
00
00
00
00
00
00
00
00
00
00
00
00
00
00
00
00
00
00
00
00
00
00
00
00
00
00
00
0A
00
31
00
00
00
00
00
00
00
00
00
00
00
00
00
00
00
00
00
00
00
00
00
00
00
00
00
00
00
00
3D
3D
00
00
00
00
00
00
00
00
00
00
00
00
00
00
00
00
3D
00
00
00
00
00
00
00
00
00
00
00
00
00
00
00
00
00
00
00
00
00
00
00
00
00
0A
00
00
00
00
00
00
00
00
00
00
00
00
00
00
00
00
00
00
00
00
00
00
00
00
69
00
00
00
00
3D
00
65
00
00
00
00
00
00
00
3D
00
00
00
00
00
00
00
00
00
00
00
5F
00
00
00
00
00
00
00
00
00
00
00
00
00
00
00
00
00
00
00
00
00
00
00
00
00
00
00
00
00
00
00
00
00
00
00
00
00
6C
00
00
00
00
00
00
00
00
6C
00
00
25
00
00
00
00
00
00
00
00
00
00
00
00
00
00
00
00
00
00
00
00
00
00
00
00
00
00
6C
00
00
00
00
00
00
00
00
00
00
70
00
3F
00
00
00
00
00
00
00
00
00
98
00
00
00
47
00
00
00
00
00
00
00
00
6C
00
00
00
00
00
00
00
00
00
00
12
00
00
00
00
00
00
00
00
00
00
74
00
00
00
00
00
00
00
00
00
22
00
00
00
00
00
00
00
00
00
3D
00
00
00
6D
00
00
00
00
00
00
00
00
00
00
00
00
00
72
70
00
00
00
00
00
00
00
3F
00
00
00
00
00
00
00
00
00
00
00
00
00
00
00
00
00
00
00
00
00
00
00
00
00
00
00
00
00
00
2E
00
00
00
00
00
00
00
00
00
00
00
00
00
00
00
00
00
00
53
73
00
00
00
00
00
00
00
00
00
00
69
00
00
00
00
74
00
00
00
00
00
00
00
00
00
00
00
00
00
00
00
00
00
00
00
00
00
00
00
00
00
00
00
00
00
00
00
00
00
00
00
00
00
00
00
00
