24
00
00
00
00
00
00
00
00
00
00
00
00
00
00
00
00
00
00
00
00
00
00
00
00
00
00
00
00
00
00
00
00
00
00
00
00
00
00
00
00
00
00
00
00
00
00
00
00
00
00
00
00
00
00
00
00
00
00
00
00
00
00
00
00
00
BF
00
00
00
00
00
73
00
00
00
00
24
00
00
00
77
B9
90
00
00
00
00
00
00
00
00
00
00
00
00
00
00
00
00
00
00
00
00
00
00
00
00
00
00
00
00
00
00
00
1E
16
0F
0A
AB
65
0F
53
3D
61
00
20
6F
00
00
45
00
69
74
AA
00
00
00
00
65
00
00
00
00
00
00
00
00
00
00
00
00
00
00
00
00
00
00
00
00
00
00
00
43
00
00
00
00
00
00
00
00
00
00
74
00
00
00
00
00
00
41
00
00
00
00
00
F8
12
FB
04
02
02
1C
40
C0
00
00
00
00
68
00
00
00
00
00
00
00
00
00
00
00
EC
00
00
00
68
00
6E
00
74
00
00
00
00
00
3F
00
00
00
74
00
00
00
00
00
00
00
00
00
00
00
00
00
00
00
00
00
6C
00
00
00
00
00
00
00
00
00
00
00
00
00
00
00
67
00
00
00
00
00
00
00
00
00
00
00
00
00
00
00
00
00
00
00
00
00
00
00
00
00
00
00
00
00
00
00
00
00
00
00
00
00
00
00
6C
66
00
00
00
00
00
00
00
00
00
00
00
00
00
00
00
00
00
00
00
00
00
00
74
00
70
00
00
00
00
00
00
65
00
00
63
70
00
00
00
00
00
00
00
00
00
00
00
00
00
00
00
73
00
00
00
00
00
00
00
00
00
00
00
00
00
00
00
00
00
00
00
00
00
00
2E
00
00
00
00
00
00
67
00
00
00
3F
00
00
00
00
74
00
00
00
00
00
00
00
3F
00
00
00
46
00
00
00
00
00
00
00
00
00
00
00
00
00
00
00
00
00
00
00
00
00
00
00
00
00
00
6B
00
33
00
00
00
00
00
00
00
00
00
00
00
00
00
00
00
00
00
00
00
00
00
00
00
00
00
00
00
00
00
00
00
00
00
00
00
00
00
6C
6C
00
00
00
00
00
00
00
00
00
00
26
00
5D
00
00
FB
00
00
00
00
00
00
65
00
00
67
00
00
00
90
00
00
00
00
00
00
00
00
00
00
00
00
00
00
00
2F
00
67
00
00
00
00
00
00
2B
00
00
00
00
00
00
00
00
70
00
00
00
00
00
00
00
00
00
00
00
00
00
00
00
00
00
00
00
00
00
00
70
00
00
00
00
00
67
00
00
00
00
00
00
00
00
00
00
00
00
00
00
00
00
64
00
00
00
00
00
00
00
00
00
00
00
00
00
00
00
00
00
00
00
6E
00
00
00
00
00
00
00
00
00
00
00
00
00
00
00
00
00
00
00
00
73
00
00
00
00
69
69
67
00
00
00
00
00
00
00
00
00
00
00
00
67
00
00
00
00
00
00
00
00
00
00
00
00
00
00
00
00
00
00
00
00
00
3F
00
00
00
00
00
00
00
00
00
00
00
00
00
00
00
00
73
00
00
00
73
00
00
00
65
00
00
00
00
00
00
00
65
00
00
00
00
00
00
00
00
00
00
00
00
6C
00
00
00
00
00
00
00
00
00
00
00
00
00
6B
68
00
00
00
00
00
00
2F
00
00
00
00
00
00
70
00
69
00
00
00
00
00
CD
00
00
00
00
00
00
00
00
00
00
00
00
00
00
00
00
6E
00
00
00
00
00
00
00
00
00
00
00
00
00
00
00
00
00
34
00
00
00
6C
00
00
75
00
67
00
00
00
00
00
00
05
00
00
00
00
00
00
00
00
00
00
73
00
00
00
00
00
00
00
78
00
00
00
00
68
00
00
00
00
00
79
00
00
00
00
00
00
00
00
00
70
00
67
00
00
00
00
00
00
00
00
00
00
00
00
00
67
00
00
00
00
00
00
00
00
00
00
00
00
00
00
00
00
00
68
00
00
00
00
00
00
00
00
00
00
00
00
00
00
00
00
00
00
00
00
69
00
00
00
00
00
00
70
75
FF
00
00
00
00
00
00
00
00
00
00
00
00
67
00
00
00
00
00
00
00
67
69
00
00
00
00
00
00
00
00
00
00
00
00
00
00
00
00
00
00
00
00
00
00
00
78
00
00
00
00
00
00
00
00
00
00
00
00
3A
00
00
70
00
70
68
70
68
00
00
00
00
00
00
00
00
00
00
69
70
00
00
69
00
68
00
00
70
00
00
00
00
00
00
00
00
00
00
00
00
00
00
00
00
00
00
00
00
00
00
00
00
68
00
00
00
00
00
00
00
00
00
00
00
00
00
00
00
00
00
00
00
00
00
00
00
00
00
00
69
00
00
00
00
00
00
00
00
00
00
00
00
00
00
00
00
00
00
00
00
00
00
6C
00
00
00
00
00
00
00
70
00
00
00
00
00
00
00
00
00
00
00
00
67
00
00
00
00
00
00
00
00
00
00
00
00
00
00
00
00
00
00
00
00
00
00
00
00
00
67
00
00
00
00
00
00
00
00
00
00
00
00
00
00
00
00
00
00
00
01
00
00
00
00
00
00
00
00
00
00
00
00
74
00
00
00
00
6E
00
00
00
00
00
00
00
00
00
00
00
00
00
00
00
00
00
00
00
00
00
00
00
00
00
00
00
00
00
00
00
00
00
00
00
00
00
00
00
00
00
00
5D
00
00
6F
00
00
74
00
65
00
70
00
00
28
00
00
00
00
00
00
00
00
00
00
00
5C
00
00
00
00
00
00
72
00
00
00
7A
65
00
00
00
6F
00
00
00
00
00
00
00
00
00
00
00
00
00
00
6F
3D
00
00
00
00
00
00
00
00
00
00
00
00
00
00
00
00
00
00
00
00
00
00
00
00
00
00
00
00
00
00
00
00
00
00
00
00
00
00
00
00
00
00
00
00
00
00
00
00
0D
00
2E
00
00
00
00
00
00
00
22
00
00
00
00
00
00
00
00
00
00
70
00
00
00
00
6C
00
70
00
00
64
79
00
00
72
00
00
3A
00
00
00
00
00
00
00
00
00
00
65
00
6F
00
00
00
00
00
00
00
00
00
00
0A
00
00
00
00
00
00
00
00
00
00
0A
00
0D
00
00
00
00
00
00
00
00
00
00
00
00
6F
6E
00
00
00
00
78
00
00
67
00
00
70
00
00
00
00
70
00
78
00
00
00
00
00
00
00
64
00
00
00
00
00
00
00
00
00
00
00
78
00
00
00
00
00
00
00
00
3E
00
00
00
00
00
00
00
00
00
00
00
00
00
3D
00
00
00
00
00
00
00
00
00
00
00
74
00
00
6D
00
00
00
00
00
00
00
00
6D
74
74
73
00
00
00
00
00
00
00
00
00
00
00
00
00
00
00
00
70
00
00
00
00
00
00
67
00
00
6D
00
00
00
00
00
00
00
00
00
00
68
00
70
00
0A
00
00
00
00
00
00
00
14
00
00
00
47
00
00
00
00
00
64
74
00
6D
00
00
00
00
00
00
00
00
00
00
8A
00
00
00
00
00
00
3F
00
00
00
78
00
00
00
00
00
00
00
00
00
6E
00
00
00
3D
00
00
00
00
00
61
00
00
00
61
00
00
00
00
72
00
6B
00
00
00
00
00
00
6F
68
00
00
3F
00
00
00
00
70
00
00
00
00
00
00
00
00
00
00
3F
00
00
00
00
00
00
00
00
00
00
00
00
00
00
00
00
00
00
00
32
00
00
3D
00
00
00
00
00
00
00
00
00
00
00
00
00
00
00
4E
6E
00
00
00
00
00
00
00
00
00
00
67
00
00
00
00
61
00
00
00
00
00
00
00
00
00
00
00
00
00
00
00
3D
00
00
3D
00
00
00
00
00
00
00
00
66
00
00
00
00
6C
00
00
00
00
00
00
00
