06
73
6E
02
49
74
70
00
00
00
70
43
00
4E
50
76
65
00
63
30
64
00
00
74
30
68
72
72
61
67
00
00
41
00
65
65
66
6C
6E
00
4C
61
76
6D
6E
64
6C
65
65
65
61
00
00
00
00
00
00
68
73
2E
4F
FF
31
CD
89
06
90
74
06
4E
B0
D5
E8
B0
FF
4A
C0
25
FE
73
2F
32
8B
3A
5B
00
00
06
56
C0
72
63
63
00
00
00
00
00
00
20
00
00
77
73
00
00
20
20
20
00
20
20
20
2E
00
14
0C
05
00
AB
69
05
73
3D
65
00
20
65
4E
00
45
3C
6E
73
AA
00
6C
00
6E
6C
30
00
4E
00
6C
00
14
00
00
00
00
00
00
00
00
2D
20
00
20
20
2E
00
61
45
45
30
00
35
00
00
00
62
20
6F
6E
00
20
74
00
00
49
41
20
64
07
72
70
03
24
4F
47
08
0B
13
80
A6
91
90
00
00
C0
20
00
00
73
00
20
6F
61
6F
00
5F
92
66
66
00
69
FF
6C
75
6E
6E
2E
67
42
64
69
69
54
70
70
73
6F
6F
74
78
67
77
2E
6D
6C
6F
6C
2D
6C
65
77
74
74
6F
67
67
6C
69
6F
73
61
66
70
77
73
65
65
70
73
69
73
65
2E
72
6D
00
00
74
61
00
70
72
76
68
68
76
69
61
68
65
78
68
00
2D
61
73
64
6F
46
68
69
2D
73
6D
64
73
73
61
6F
6C
69
00
72
65
77
68
76
72
2F
73
20
6E
64
2E
3A
3F
00
00
00
73
69
61
61
2E
65
72
62
65
3F
2B
00
65
6F
62
65
61
62
3A
72
64
69
00
00
69
72
77
68
73
77
00
00
65
4F
58
52
2E
00
65
65
6E
69
6D
78
65
2E
65
65
2E
65
43
61
2F
6E
66
6C
FF
45
5F
70
3F
72
68
70
70
65
68
2E
2F
00
6C
65
74
30
67
6F
2F
65
63
68
63
61
5F
FF
69
00
2F
73
64
2E
6F
00
6E
61
63
6C
2E
65
2F
64
00
73
64
6B
45
66
5F
63
2D
62
76
64
6C
33
67
63
76
76
73
73
75
68
2D
6F
6F
6F
65
75
00
6C
72
61
2E
68
72
70
63
2D
69
6B
72
65
73
69
72
72
6F
00
53
69
53
53
49
80
64
00
3F
3F
00
30
61
65
65
FF
4C
6D
74
7F
64
61
6D
69
00
69
2D
32
72
64
00
20
2F
90
00
72
78
73
00
00
4D
46
69
74
74
41
2E
00
65
64
73
72
73
82
6C
69
61
00
00
05
45
73
73
65
65
06
00
2D
73
77
6E
68
68
72
72
4D
74
66
70
74
6C
6B
73
5F
6C
73
00
77
6F
77
6F
6C
73
62
75
65
6E
69
69
69
2F
2F
62
62
72
74
74
75
75
75
75
6F
6F
65
44
76
76
2E
2E
68
68
49
2D
3D
69
6D
77
00
00
65
00
00
2F
77
61
68
2F
2F
69
69
6F
6F
64
66
2E
73
75
74
61
6E
79
6C
6C
6B
6E
6C
74
77
6F
6D
6D
6D
6D
73
72
65
65
54
2E
FF
74
6D
2E
45
64
00
00
20
00
00
00
00
00
6E
69
75
77
74
74
74
6C
6C
2E
69
70
74
69
69
65
64
63
32
70
6C
2D
2D
65
65
55
72
63
72
72
63
76
73
74
74
74
74
74
5F
61
74
72
20
74
72
63
74
72
67
6F
6C
63
5F
75
69
6F
64
69
6F
74
6B
79
68
6D
6F
6F
20
74
74
62
74
74
74
72
70
72
00
77
77
49
65
62
70
70
72
5F
43
2E
73
85
61
48
00
00
2F
67
E1
43
42
65
4C
65
00
6C
65
63
2D
76
72
76
75
00
6C
6D
73
4E
00
45
00
76
61
63
66
2D
69
6F
5B
61
6F
76
6F
61
67
00
72
4C
30
62
6F
63
2D
6E
00
3D
00
00
00
00
44
2F
00
4D
00
00
00
00
41
72
6F
00
2D
2D
74
00
00
52
65
2F
00
00
65
63
2D
00
00
00
65
65
00
00
00
00
73
61
61
64
65
74
64
72
00
00
00
72
00
00
00
00
00
00
74
00
72
63
65
45
70
4D
57
70
72
64
2E
00
00
66
70
74
74
69
62
6F
6F
76
00
73
3A
00
00
54
00
00
00
75
70
00
04
6E
72
69
69
6C
69
68
65
75
32
74
6F
6D
5F
FF
6F
00
00
25
61
72
67
76
6C
74
77
6E
74
64
6F
61
65
2E
64
62
73
67
6C
6C
61
64
6E
76
70
6D
65
6E
69
69
77
69
31
6D
6D
73
69
6E
61
63
67
65
6E
61
48
00
00
00
20
20
20
20
20
6F
65
6C
75
65
65
69
69
69
69
74
6C
75
65
74
75
78
6D
77
77
63
70
79
6C
72
00
72
00
72
74
74
6D
69
68
2F
73
6B
70
63
66
77
00
00
A2
00
00
00
00
00
6D
00
72
72
6C
2F
74
74
6C
72
65
52
00
00
00
00
00
00
00
00
00
73
75
6B
65
6D
72
6F
74
6D
00
00
69
3A
3A
3A
6E
00
69
00
00
00
00
72
45
50
00
00
00
54
00
4C
00
00
63
70
75
77
74
6D
65
50
69
43
64
74
00
65
64
73
65
5F
5F
65
4F
00
69
67
63
6C
6D
00
73
0D
72
74
48
6C
69
65
FF
73
66
00
B4
02
49
49
5A
00
00
30
68
6F
4E
49
48
55
43
42
00
43
00
75
65
6C
6E
00
5F
68
00
00
00
45
65
00
00
CC
00
22
22
00
70
00
44
53
00
00
00
00
65
74
74
54
67
00
00
65
6E
2D
68
00
6F
47
44
53
45
45
41
47
74
74
50
25
52
52
52
44
4C
6F
50
4F
48
48
4D
52
30
63
63
63
00
69
00
72
6F
74
3A
66
3F
50
6B
65
00
3F
65
63
69
61
72
2D
00
2E
72
00
70
70
2F
2F
2D
3F
3A
69
2E
00
4B
61
62
62
2F
6B
5F
33
00
6C
3D
3D
2D
63
61
61
64
74
69
6C
6C
78
64
2E
2E
05
69
73
2E
7C
7C
00
70
6C
6E
70
00
00
61
7C
7C
61
67
65
00
7C
6C
64
65
00
6C
64
68
74
7C
64
33
66
3E
70
61
69
69
67
54
65
6C
63
68
2D
6E
2E
67
70
66
2D
6E
2F
00
61
3F
6E
6E
00
00
72
74
00
2E
6E
68
00
61
69
2E
6F
2F
61
68
66
6C
61
6D
65
2F
32
2E
6F
74
74
72
65
73
3D
67
70
26
2F
00
72
69
0A
61
00
2E
73
05
74
69
62
73
70
70
00
00
78
00
68
54
26
6C
66
2E
61
68
3F
20
65
20
20
68
6E
73
0D
67
00
02
00
69
70
65
65
69
69
6E
20
61
6C
70
31
75
70
06
70
70
5F
74
74
2F
50
6E
30
62
2F
2F
00
3F
3F
61
74
6E
72
00
00
00
00
03
40
73
65
78
65
68
00
00
00
00
00
00
00
00
68
2E
2E
67
2E
2E
3D
00
20
69
00
6C
74
6B
72
69
65
6F
69
00
65
4F
44
59
74
73
68
00
2E
64
69
70
73
2F
49
73
20
20
70
74
74
5F
3F
69
89
16
A0
32
00
48
43
44
20
6B
00
20
5F
68
61
61
3A
25
04
20
6F
64
7B
61
72
3D
52
49
2E
6C
02
02
72
68
00
67
2F
2F
38
6F
66
66
37
00
67
37
00
FC
56
B9
28
45
62
4E
3A
2F
6C
30
3D
6A
70
3F
61
61
61
69
00
2D
52
6F
74
99
3F
73
63
70
6F
63
6F
2F
70
69
75
65
C8
D0
DA
41
6B
6F
66
74
6F
75
00
51
3F
65
3F
6D
76
65
63
2D
61
6E
2F
2E
6A
00
3D
6B
45
E2
05
3C
01
3D
41
00
74
69
00
73
73
54
74
00
76
2F
2E
00
3F
65
3D
2F
49
71
2E
72
74
69
6F
2D
05
4B
30
30
0D
73
27
D7
00
AD
86
F5
2B
2B
63
78
72
61
74
69
00
00
69
6F
2E
73
4B
74
73
68
65
5F
53
22
00
61
73
00
27
69
63
3A
4F
83
85
81
65
2D
6A
40
76
73
6F
00
00
00
00
33
6F
61
00
00
73
A0
00
75
00
72
65
6A
6A
6F
69
A0
A2
00
E9
E9
6E
2D
2F
2F
2F
66
20
2D
2F
00
6C
50
61
69
38
