16
11
6B
1A
11
22
17
18
1A
20
14
13
18
11
17
1F
15
21
11
1C
13
12
19
15
18
18
16
1A
14
16
1E
1A
1C
14
15
14
14
13
15
11
28
30
24
2F
1E
1A
1F
1C
21
13
25
1D
14
1D
1A
1B
11
25
14
11
21
14
1A
13
14
11
1B
11
23
25
13
14
14
15
15
14
1A
1B
1D
13
1A
14
16
1B
15
15
16
13
14
15
16
12
14
1D
1C
1A
13
1A
1D
22
1A
29
25
11
1C
1A
24
19
14
23
31
39
41
2A
2C
1A
17
14
12
13
11
23
15
13
1C
2C
19
27
14
1A
1A
17
29
17
18
1C
13
1F
11
14
14
17
12
12
12
17
1F
19
17
12
1A
1F
14
18
12
17
18
11
14
17
14
12
12
20
12
18
1F
18
11
15
14
28
15
11
12
15
16
24
11
14
13
14
1F
19
1D
1D
17
11
12
22
11
13
12
14
12
1D
13
12
12
13
11
1C
12
12
1D
12
12
13
27
13
11
7A
16
13
11
12
16
14
24
25
23
20
1E
1F
13
1B
24
12
15
14
1F
18
26
2D
26
1E
25
18
16
11
13
11
1F
12
17
17
14
11
11
1B
21
14
19
13
11
17
11
1B
12
13
11
13
15
12
1A
1B
17
12
14
16
12
12
11
13
12
13
19
14
17
12
35
18
19
1A
11
13
11
12
12
15
13
15
13
11
17
24
3B
27
22
11
16
28
19
14
12
14
1E
20
21
1E
20
21
1D
2C
2B
27
22
2A
2A
1B
1F
28
1F
21
1F
2F
28
2B
1A
25
21
23
22
14
16
1F
1D
17
17
1B
1D
23
21
2E
2F
32
32
25
2A
29
30
1D
23
23
21
21
18
28
20
1E
1F
1B
23
26
21
20
1D
1D
1E
1F
22
1C
21
22
21
21
24
23
1F
1F
20
21
24
1E
1A
23
24
1F
26
28
23
23
28
25
25
1F
1F
24
28
28
22
23
24
1F
21
20
24
29
1D
24
22
1F
20
23
1E
1E
1F
20
23
1D
19
22
23
1E
22
23
22
22
17
28
2A
1D
26
25
23
1C
1C
22
25
23
26
1F
1E
26
22
1E
27
27
17
1C
1F
23
25
28
26
25
2B
28
2B
2B
32
2D
35
30
32
31
2F
24
2E
2D
2A
27
28
2A
2B
2C
28
30
24
26
2E
2A
2B
32
30
2E
2F
31
32
2B
34
2A
22
22
25
22
28
25
23
1F
22
2A
26
26
27
28
2B
25
2A
2B
2A
2A
28
28
29
2A
2D
27
23
2C
2D
28
26
31
2E
2D
31
31
2A
29
2B
27
27
28
29
2C
26
22
2B
2C
27
2B
2B
25
28
2E
2C
2D
2D
2A
2B
2B
2D
2D
2E
2E
27
24
2A
30
2E
2D
34
3E
20
13
18
2A
34
14
17
15
19
23
18
18
19
26
18
11
14
19
13
69
11
1B
1B
12
11
1A
19
11
12
16
11
11
25
12
45
1A
12
2B
15
19
16
1E
1C
1F
19
14
47
1C
12
38
20
14
2A
1F
15
1C
1C
20
18
13
18
18
17
64
13
14
18
13
1E
23
13
11
11
18
15
11
1A
46
2C
16
45
17
2A
11
45
14
16
16
11
11
18
12
15
19
13
11
31
19
17
1A
1E
1E
18
1C
21
12
12
17
4A
12
16
14
22
43
1C
16
1A
19
1C
32
5A
15
44
12
13
13
11
12
19
12
23
3D
17
60
12
54
13
50
92
8B
2D
28
14
13
15
15
15
73
76
16
16
13
13
1F
17
26
32
14
13
20
21
13
13
11
1B
1C
4A
20
20
1D
31
13
17
19
11
13
12
19
14
14
16
1A
12
18
17
11
14
13
12
11
14
16
15
1C
21
A5
12
12
45
20
13
1C
13
15
16
17
46
17
76
6A
13
14
32
15
1E
19
16
16
14
19
19
4D
1E
20
1F
16
1A
14
11
48
23
50
32
11
22
1A
11
17
1B
24
4D
1B
1F
84
15
28
1C
13
33
31
12
13
16
18
1B
15
13
3E
25
17
15
17
16
18
20
1F
1D
1E
1A
16
12
14
13
12
18
20
12
12
16
26
28
19
26
11
13
95
88
1E
D6
14
17
22
1E
12
15
1A
27
11
12
13
97
1B
15
24
1A
1B
15
14
13
12
12
18
12
12
45
13
11
11
17
51
11
13
20
2B
8D
21
13
14
2E
3D
2F
12
1B
17
14
15
20
11
19
40
19
12
16
11
18
18
21
13
14
15
18
1C
27
16
15
14
1C
1C
1C
14
22
1C
2C
11
17
12
1A
13
11
14
19
40
16
12
19
1A
1B
18
17
19
1A
32
1F
1B
18
28
21
28
26
11
15
1F
2B
