00
61
65
4E
48
65
74
43
6F
53
65
61
3A
54
54
63
6F
B4
70
30
61
30
65
68
72
31
61
61
72
74
61
32
41
4F
69
69
70
6B
6F
34
48
65
4F
69
65
34
68
6C
6C
65
74
69
6F
00
80
80
01
61
76
2E
44
80
C0
C0
F7
6E
1A
2B
F4
41
0E
5D
40
0E
D9
2F
23
58
7F
68
45
4B
20
72
45
03
00
B0
56
40
6D
20
65
6F
00
00
00
40
00
20
00
00
66
72
57
45
41
61
61
45
61
61
61
25
49
11
09
02
00
CD
69
02
20
3D
4D
61
04
62
53
00
00
39
4A
68
AA
41
61
33
6F
20
69
00
44
74
6E
45
06
01
02
2E
01
00
2E
2E
53
73
49
54
57
4B
4B
4B
69
4E
4E
46
54
35
01
01
01
69
63
66
6F
6F
63
72
01
00
45
41
78
6D
07
79
68
E0
0F
FF
FF
21
39
C0
1C
1C
10
90
B5
17
90
63
44
45
68
78
61
43
43
43
72
00
20
44
75
52
64
F3
65
6F
6F
6F
68
73
59
77
77
77
2F
77
77
77
64
64
6D
61
69
63
70
67
68
69
6D
6E
70
72
72
74
74
75
77
66
70
61
41
61
41
62
63
76
77
66
77
77
63
65
66
66
6D
73
77
63
6B
70
76
72
64
73
73
74
72
77
61
4C
61
63
66
62
70
77
77
70
73
75
41
62
72
77
70
63
73
77
73
63
63
61
5F
4F
66
66
63
61
73
75
2E
64
4F
70
2A
2E
61
62
63
32
68
73
5F
69
69
61
66
62
63
6D
63
64
31
66
66
67
66
69
69
69
2E
6D
73
2E
2E
73
73
73
73
72
76
68
30
73
45
4E
45
61
6A
32
74
70
70
70
63
73
63
65
65
66
70
45
68
6E
63
72
65
49
53
77
73
3F
73
63
77
77
63
62
66
6A
25
68
44
45
73
6D
6D
65
50
77
41
68
77
77
5F
61
64
45
67
68
2E
7E
61
63
63
64
64
6C
6E
2F
77
77
70
77
71
47
77
72
62
63
77
77
72
76
67
70
77
77
77
77
77
77
77
6F
73
73
69
63
77
2E
6E
73
61
61
63
68
72
2E
77
61
62
69
66
70
61
64
75
65
00
46
63
46
46
45
31
53
69
69
69
69
66
66
6C
0A
F6
50
64
72
FF
72
6D
5F
5F
01
61
63
74
73
73
7A
73
62
90
01
68
45
3F
00
54
52
4F
61
6F
6C
69
7A
00
69
6D
69
73
73
01
70
75
72
04
38
5F
4E
2E
2E
6F
6F
00
00
6E
61
77
61
62
62
62
62
52
61
63
73
6C
6D
62
6E
63
6D
73
73
74
75
76
75
6D
63
7E
6E
67
73
65
61
61
50
4E
61
61
71
74
74
69
69
69
69
65
65
6E
3F
73
73
61
61
62
62
55
63
6F
65
63
63
00
25
63
45
54
43
63
64
64
64
64
6C
6C
65
65
6C
63
6D
63
73
73
77
65
6E
63
6D
62
61
6D
63
73
65
66
66
46
68
67
73
68
68
45
2E
FF
69
66
66
47
64
61
4D
4E
4F
57
59
02
50
73
65
64
64
74
74
74
70
70
74
65
63
63
70
70
70
73
74
6D
7E
6D
63
63
68
68
58
65
65
77
65
6C
6C
6C
6C
6C
6C
62
62
73
79
72
6C
72
72
6C
72
72
6C
69
65
68
61
62
62
62
63
6E
72
67
73
74
61
4D
65
6F
69
4F
61
6C
67
64
64
64
65
73
75
01
61
61
41
6F
62
63
63
73
2E
2E
70
62
00
63
53
00
30
54
72
50
2D
47
6E
4F
64
01
73
61
61
57
73
73
73
6D
53
6D
6F
61
4F
40
55
49
76
77
77
77
77
61
72
6E
69
72
73
75
57
6D
01
73
58
64
67
6F
63
6E
70
69
45
00
01
01
C0
FF
73
53
45
49
04
01
01
2D
6F
75
55
72
72
63
54
00
4D
43
61
01
01
73
71
69
45
45
4D
70
70
30
00
41
53
76
61
76
72
63
65
72
73
70
00
01
72
01
01
03
01
02
05
6C
00
6F
70
65
52
68
4D
44
2E
2E
64
63
70
65
64
63
70
70
6C
67
75
75
70
05
70
72
01
01
52
41
4F
53
61
63
49
00
69
73
6E
72
70
6C
2A
70
73
67
74
61
6F
6D
FF
61
01
00
53
43
61
63
63
63
6D
64
64
65
65
65
65
66
66
67
67
67
69
6D
6D
6E
72
70
73
73
77
63
70
67
69
76
72
54
53
73
43
72
63
63
64
6E
56
57
77
45
00
58
52
45
41
4F
41
43
70
6F
54
53
69
66
61
61
61
61
62
70
70
66
63
73
6F
72
66
66
71
73
73
62
65
00
6C
43
73
63
70
61
64
69
64
6E
70
6E
66
63
73
4D
4C
13
00
2F
4E
54
50
5F
21
77
77
65
73
65
70
75
73
70
45
00
00
44
00
00
72
72
72
72
65
65
68
68
65
65
6D
61
66
65
77
70
69
74
74
6F
00
73
4C
4D
52
00
73
53
53
45
45
55
45
4F
4B
4F
4F
2D
73
6D
76
69
65
72
48
6C
66
68
6F
00
6F
61
4E
65
49
52
6F
55
00
5F
70
70
69
70
4D
73
50
6C
72
4F
69
6C
6F
48
53
63
41
E1
4E
49
59
42
51
4E
49
64
65
50
58
45
54
55
4E
4E
45
49
73
6F
65
6C
00
61
77
63
00
FA
4F
6F
00
6A
10
77
63
62
00
68
FA
52
52
01
4D
54
02
6F
61
61
4E
74
00
32
6D
61
50
45
72
72
50
41
43
48
48
4C
50
53
53
54
54
55
55
55
57
50
50
43
4C
50
50
50
55
30
69
69
68
30
65
98
27
72
72
74
43
70
48
73
66
67
70
63
48
53
3D
66
73
02
63
20
00
69
73
70
45
73
70
20
6E
6B
70
BB
67
78
78
61
00
6F
32
5A
61
69
73
63
77
70
69
66
43
6F
6F
20
6E
21
61
61
30
5F
5F
63
74
74
69
6C
69
6F
61
79
64
64
61
63
63
61
6F
6E
78
65
6E
61
74
6F
61
6C
6C
75
6C
63
76
5C
6E
61
67
7A
69
20
6F
61
2E
75
78
61
67
6A
6A
6A
73
69
45
4B
3F
70
74
63
3F
73
65
72
3D
30
6D
6F
04
6C
69
63
69
62
68
75
77
68
75
66
70
45
49
61
72
6C
68
2D
69
6D
72
70
63
65
76
6A
73
0A
6E
4A
3F
67
3F
77
73
61
67
70
20
6A
7A
6C
70
20
70
50
0A
7A
63
65
64
66
63
4F
73
4F
4F
61
6A
77
65
73
29
2B
29
65
68
6F
74
41
61
66
4F
62
61
6D
6E
72
73
77
72
61
6D
70
70
67
48
64
30
61
70
74
32
67
67
69
73
62
79
03
03
03
03
03
03
6D
6D
69
64
63
03
03
03
03
03
03
03
03
00
64
67
6A
6A
70
26
94
4F
30
72
68
69
64
71
0A
67
6E
6D
6D
73
45
45
45
73
62
68
64
61
62
73
73
74
67
10
61
41
53
74
73
73
73
70
6E
B1
F7
C7
33
29
30
2A
55
53
62
78
41
6D
62
62
6A
48
19
19
4F
69
67
28
75
63
6C
4E
52
70
6D
71
71
73
77
00
69
74
62
45
61
31
31
DB
4C
10
DB
08
06
64
74
22
47
10
10
10
54
3F
30
61
6A
72
67
41
70
75
62
45
73
72
72
69
DE
69
61
63
63
75
6D
69
6E
66
41
61
6E
00
00
D3
44
70
65
64
7C
72
66
6D
03
70
6F
73
61
72
6F
70
73
77
63
72
76
67
00
6F
6C
4F
4F
00
00
00
00
00
03
65
67
69
4E
4E
70
70
62
5C
69
61
30
70
69
74
61
4F
48
6C
75
69
6F
69
73
00
50
30
30
5C
52
00
00
00
00
00
00
00
00
74
50
79
64
62
67
10
76
61
69
61
4C
53
67
6D
65
63
69
55
22
01
63
70
02
0F
61
63
69
5A
00
00
00
67
63
77
53
53
65
43
00
00
00
00
53
77
6F
8D
E0
53
53
72
53
35
72
6F
4A
6D
6C
61
53
53
E9
17
17
2E
63
65
65
65
77
49
63
61
69
6F
61
77
77
44
