69
00
00
00
00
00
00
00
00
00
00
72
00
00
70
00
00
00
00
00
00
00
00
00
00
00
00
00
00
00
00
00
00
00
00
00
00
00
00
00
00
64
00
00
21
00
64
75
00
00
00
00
00
00
00
00
00
00
00
00
00
6E
CD
EB
AC
01
20
00
00
00
FA
F5
62
F9
73
89
F5
25
00
00
2F
88
19
90
8B
02
00
B0
0B
C3
00
66
00
00
00
00
00
00
00
00
00
00
00
00
00
00
00
69
00
00
75
74
6E
00
00
1A
12
0B
00
AB
6F
0B
62
3D
65
00
20
6B
00
00
45
00
62
41
AA
00
00
00
65
63
29
00
54
00
67
00
00
00
00
00
00
00
00
00
00
3A
00
00
00
00
00
00
00
4F
4B
00
00
00
00
00
00
00
20
00
72
00
00
00
00
00
00
41
63
00
00
00
65
F8
12
FB
04
02
02
1C
40
C0
00
90
00
00
69
00
00
00
22
00
20
6F
52
72
00
67
55
00
00
00
5F
00
74
00
72
74
00
00
00
00
2E
2E
00
62
63
69
67
67
67
00
65
69
00
00
74
00
70
63
00
65
2E
00
65
65
00
00
63
00
00
00
63
67
00
63
00
00
65
00
64
67
00
70
00
00
00
00
00
79
65
00
6C
63
69
00
00
6D
00
00
00
00
00
00
00
00
70
78
63
00
00
68
00
00
00
63
70
63
6C
61
70
6F
00
00
65
65
65
77
77
00
00
6C
00
00
00
00
41
00
00
00
00
2E
68
00
2F
00
2A
00
00
00
00
5C
00
2A
78
61
2A
2F
69
61
00
6C
65
00
00
00
76
61
00
20
61
00
00
6D
00
00
49
00
00
00
00
00
74
6C
00
00
00
00
00
00
00
00
00
00
78
00
2E
FF
00
2E
00
00
69
65
78
67
00
63
00
00
00
2E
75
65
00
6C
6D
64
63
00
65
00
00
00
5E
33
00
00
2E
00
00
00
00
00
73
66
66
00
00
00
65
00
70
67
2E
00
69
00
67
6A
70
2D
00
2E
00
79
70
66
66
76
65
6B
65
00
67
67
63
00
6F
00
4C
73
63
00
63
00
2E
00
67
65
00
00
00
00
6E
00
64
42
00
6C
00
50
50
00
00
76
00
00
00
00
6C
6C
00
FE
00
62
69
00
FB
6C
00
00
00
00
00
73
63
00
67
00
00
00
90
00
00
2F
00
00
00
00
00
00
00
2E
65
00
00
00
70
73
72
68
00
00
00
00
00
6C
00
00
00
74
70
70
00
00
69
00
00
00
67
63
00
2E
00
67
70
67
6C
63
00
63
70
00
2E
00
2E
69
63
70
65
00
00
00
63
6E
72
67
67
00
00
6C
6C
3D
00
00
7C
00
74
74
74
74
72
00
66
61
00
00
68
63
00
73
00
00
00
00
00
00
63
00
00
65
72
63
00
67
00
3F
00
00
00
63
70
00
66
00
73
6E
73
73
6E
73
6E
65
00
78
6C
42
72
72
65
78
2E
69
2D
00
00
00
00
00
00
00
3F
65
00
00
00
00
00
00
00
00
00
70
64
00
2A
00
00
00
00
00
6C
00
65
2E
2E
67
63
00
00
00
65
00
00
00
00
53
6E
00
00
00
61
00
00
00
6C
69
70
00
73
65
00
00
00
6C
65
61
61
62
65
00
00
00
2E
67
69
67
00
63
00
69
63
00
66
67
74
63
00
00
2E
63
70
68
68
65
72
00
00
65
78
00
65
6C
00
00
6C
00
00
00
73
6F
64
00
00
00
00
00
3B
20
00
00
00
2E
00
00
2E
00
00
00
00
6F
68
00
00
6F
3A
00
00
54
00
2E
2F
69
78
2E
67
74
20
68
00
64
69
52
00
00
00
67
00
73
73
00
73
00
00
00
00
00
00
05
00
00
00
00
00
00
00
00
00
2E
5F
00
70
6C
00
00
00
00
64
00
00
00
00
6C
00
00
00
00
65
74
00
00
00
00
67
00
2E
2E
70
65
68
63
00
00
00
00
00
00
00
00
00
00
00
00
63
75
2E
00
78
78
00
00
00
00
00
00
00
00
00
65
65
00
6C
67
70
68
00
2E
00
00
00
00
00
00
00
00
67
00
00
2E
00
64
61
2E
73
00
70
70
68
00
70
78
73
FF
00
00
00
00
63
00
00
63
69
2E
63
63
6F
67
67
00
63
00
69
69
65
6F
63
63
2E
63
2E
67
2E
67
69
67
69
70
2E
64
00
64
64
6C
65
65
65
65
00
69
78
64
00
00
00
00
00
00
00
00
00
00
6E
00
00
63
68
74
65
70
74
00
70
00
2E
68
00
00
00
65
6C
65
68
65
00
3D
00
69
00
70
72
68
2E
68
70
00
00
70
00
2E
6E
2E
00
00
00
00
00
00
00
00
00
00
63
63
2E
70
6C
68
00
00
00
00
00
00
00
00
00
00
00
00
00
00
00
73
00
00
00
00
00
63
00
00
6E
00
00
00
00
00
74
00
00
00
00
70
54
3E
00
00
00
00
00
00
00
00
69
6C
68
2E
00
63
00
00
78
65
70
00
00
6E
00
74
75
00
00
74
00
00
65
00
2E
6C
6C
00
78
00
00
00
00
00
00
70
00
00
00
00
00
00
00
00
56
00
00
30
67
00
00
00
00
00
00
45
00
00
00
00
00
00
00
00
74
3F
00
00
4F
00
65
00
00
00
00
00
00
00
64
00
45
00
00
00
00
00
63
6C
6C
00
00
00
00
63
00
00
2F
00
00
54
00
00
25
00
41
4C
76
74
00
00
00
00
4C
00
00
61
41
45
00
00
00
4E
00
00
00
00
00
28
00
49
70
00
73
74
00
0A
00
3F
00
65
00
00
6F
00
00
3A
00
6D
00
00
00
00
78
00
3A
00
00
6A
00
00
00
72
00
00
2E
70
5F
0A
00
00
6D
00
00
74
00
00
68
00
00
00
3D
00
2D
65
64
04
70
3F
0A
00
00
00
00
00
00
00
00
00
00
00
00
00
00
00
00
00
00
00
00
00
00
00
00
00
00
6C
00
02
5C
6D
00
02
00
00
00
00
64
3D
00
00
62
61
00
00
00
3A
00
54
00
00
00
6E
63
00
00
52
73
00
00
03
63
00
00
00
00
03
68
65
00
6D
00
6F
00
78
00
00
6F
70
70
00
64
3F
00
6D
3F
65
00
69
00
00
00
6C
00
00
6E
72
04
63
00
6D
64
3B
00
00
00
00
00
63
00
00
00
70
00
62
63
6F
00
00
61
62
78
02
69
00
68
00
00
00
00
00
00
00
00
66
6C
00
00
03
6D
74
68
6D
73
00
2E
6F
00
00
00
00
61
00
6F
6D
2E
00
3D
3D
00
00
68
00
00
00
00
00
00
00
2E
65
00
00
5F
00
00
00
00
00
00
00
00
69
00
00
00
00
00
00
00
00
00
00
00
00
6D
73
65
00
03
68
00
75
00
00
00
70
00
73
00
00
65
00
78
00
3D
00
00
73
73
65
64
64
63
64
70
00
00
00
25
00
2E
20
00
00
32
00
00
00
00
72
6E
00
00
00
00
00
70
00
00
65
00
4E
00
00
70
00
6D
6E
3D
00
65
70
69
00
63
68
68
00
00
00
00
00
40
00
00
00
47
00
00
00
00
00
62
6E
2D
65
6E
20
00
6D
70
00
3A
00
70
00
78
74
00
3D
69
64
76
2E
00
00
5F
72
00
00
00
00
3D
00
30
00
00
72
00
00
00
63
00
00
70
00
77
70
00
00
00
73
00
00
00
00
74
00
F9
00
00
00
00
00
00
61
69
00
2E
2E
31
00
00
00
74
3D
00
00
00
00
00
00
00
00
70
2E
3F
00
3A
00
00
30
00
00
00
13
B9
00
00
A6
00
00
00
3B
00
32
2E
00
3F
00
00
00
63
00
70
65
7C
68
69
6D
65
00
00
00
6D
61
00
00
3F
74
00
00
00
00
00
00
67
00
00
2E
0A
75
00
00
00
00
00
00
00
00
00
00
00
00
00
00
00
70
00
00
78
00
00
00
00
00
00
69
68
2E
00
77
67
00
67
73
00
6F
79
00
65
43
