00
2E
6F
00
49
3A
55
00
00
00
65
61
00
00
72
74
20
00
00
00
6F
00
00
00
00
00
00
00
00
00
00
00
41
00
00
00
6F
00
00
00
2A
6D
00
00
68
6C
62
74
00
76
2F
00
00
00
00
00
00
72
6F
2E
4B
FF
B3
85
89
31
20
00
00
4D
8D
D4
FF
8D
62
89
46
31
98
2F
48
83
83
90
33
00
00
C8
31
89
6F
64
00
00
00
00
00
00
00
00
00
00
72
73
00
00
64
69
68
00
63
73
73
00
00
16
0E
07
00
AB
67
07
61
3D
4F
00
20
67
52
00
45
3E
50
70
AA
00
4D
00
66
28
72
00
53
00
64
00
02
00
00
00
00
00
00
00
00
67
00
00
00
00
00
00
65
4C
4C
00
00
37
00
00
00
6E
20
00
69
6F
2B
00
00
00
4E
41
79
00
00
6F
71
F8
12
FB
04
02
02
1C
40
C0
20
90
00
00
FF
6F
00
00
74
00
72
0A
6D
0D
00
72
C2
73
6F
00
72
FF
5F
72
69
20
67
00
00
69
5F
5F
2F
75
75
6E
72
75
6F
63
6D
62
67
73
63
77
69
65
65
74
68
63
6F
64
69
72
68
70
6D
62
6D
72
73
73
70
2E
74
00
69
6F
72
61
68
2E
71
00
00
71
6D
00
6E
65
79
00
00
72
2E
65
65
64
6F
00
00
71
6D
67
6F
64
72
73
65
6F
63
72
65
69
70
68
73
63
72
00
61
61
7A
72
63
2E
00
72
00
65
00
00
24
00
00
00
00
70
69
6D
6D
00
61
68
2E
65
00
73
00
61
6E
6C
61
6D
69
24
00
73
74
00
00
74
68
6F
64
61
6F
00
00
69
20
00
50
67
00
73
65
6D
65
73
00
65
78
2E
65
78
72
20
73
00
65
6E
74
D2
47
74
63
3F
68
64
75
75
63
73
6C
6E
00
2E
65
6F
6C
70
2E
61
65
72
68
65
6C
63
FF
2E
00
2F
62
65
00
00
00
2E
6F
67
67
73
2E
2F
61
00
64
73
74
2E
70
75
6E
69
61
72
70
74
2E
71
2D
72
72
61
6F
63
6D
69
72
72
72
70
72
00
64
68
6D
67
6D
70
6E
6E
61
5F
70
6E
61
61
6C
2E
62
65
00
76
66
76
76
00
5B
74
00
00
00
00
65
65
2F
5D
08
42
73
65
FB
65
2F
62
62
00
2E
69
74
2E
65
00
70
68
90
18
75
48
00
00
00
47
20
5F
6F
69
64
67
00
2E
2F
6D
2F
6E
00
63
00
65
00
06
00
4C
6F
5F
74
74
00
00
61
63
69
61
73
73
70
70
47
6F
72
65
65
65
63
65
61
74
61
00
62
64
73
65
67
69
64
65
61
63
2F
70
70
00
00
62
62
3F
62
62
2E
2E
32
32
74
74
65
00
72
72
6C
6C
73
73
46
69
65
6E
69
61
00
00
72
00
00
6E
62
2F
70
61
00
2E
2E
2E
2E
61
72
73
72
2E
65
6D
73
63
63
34
61
72
62
73
62
65
6E
6E
61
67
62
68
72
72
20
2F
00
00
61
6C
2E
74
00
00
00
00
00
00
00
00
6D
6E
65
77
63
67
63
65
00
61
6F
73
32
70
70
6F
61
2E
65
00
67
69
6F
66
77
45
70
20
20
62
6E
65
75
62
62
62
62
62
61
6C
00
75
61
20
74
74
20
64
6D
62
2E
69
6F
73
74
75
73
74
2E
63
61
6C
6E
69
65
72
00
74
6D
6C
6F
66
66
5F
6D
2E
00
62
62
4C
2C
2D
6F
6F
68
74
6E
78
69
00
73
53
00
00
00
36
51
43
45
00
53
74
00
3D
66
69
4E
65
68
65
65
00
61
6E
72
00
00
54
00
65
69
72
6E
6F
65
73
2E
62
2E
65
69
34
63
00
2E
6F
00
6C
6D
6F
75
65
00
74
00
00
00
05
30
62
00
00
00
00
00
00
43
69
69
00
6C
6D
63
00
00
00
6C
00
00
00
72
2D
00
00
00
00
77
64
00
00
00
00
77
63
61
62
64
69
73
73
00
00
00
00
00
00
00
00
00
00
00
00
6C
73
5F
00
75
73
62
00
00
6D
00
00
00
2F
69
32
32
2E
6C
64
64
73
00
5F
00
00
00
00
00
00
00
2E
66
00
00
6F
2E
6C
74
6F
77
6D
73
62
62
70
74
69
7A
FF
6E
00
00
00
6C
2E
2E
65
67
64
77
6F
61
69
72
2E
65
67
63
6C
73
46
69
69
61
61
6D
63
73
69
73
6D
61
63
6F
74
2E
78
75
6C
65
65
6C
69
2E
43
77
6D
30
00
00
00
52
52
52
52
4F
63
74
2E
2E
74
64
5F
5F
5F
5F
2E
73
2E
2E
6F
2F
00
6E
62
62
73
65
61
70
67
00
72
00
68
65
65
6D
65
74
64
70
67
2E
69
67
68
00
00
00
00
00
00
00
00
6E
00
61
61
74
62
61
73
70
68
70
42
00
00
00
00
00
00
00
00
00
73
6E
72
00
00
75
70
69
72
00
00
61
2F
2F
2F
30
00
66
00
00
00
00
65
4D
55
00
00
00
00
00
00
00
00
75
2F
65
6F
65
69
70
00
2E
6D
72
6F
00
74
74
73
3A
4F
5A
74
00
00
63
61
73
70
69
00
6C
1A
00
00
52
6C
2E
74
00
00
70
00
00
00
00
00
41
00
00
30
6D
2E
00
45
00
00
49
43
00
20
00
65
74
65
00
00
74
2E
00
00
54
54
74
00
00
CC
00
00
00
00
64
00
49
72
01
00
00
00
74
74
74
00
69
00
00
6C
2F
2E
74
00
79
41
54
45
52
41
41
41
6D
6D
00
00
41
41
52
52
43
75
54
53
00
58
54
4F
00
69
69
69
00
65
00
65
73
72
2F
67
70
31
00
61
00
68
69
6C
74
00
61
67
00
68
6D
00
70
3D
69
00
67
61
00
6E
78
00
04
62
03
03
65
62
61
7A
00
00
65
00
00
6E
31
65
72
00
3D
61
6E
70
64
68
68
6F
65
2E
72
00
00
00
00
7C
6F
73
00
00
61
00
00
61
74
74
00
00
65
6F
00
00
61
6F
74
70
00
72
2F
72
44
79
65
6F
02
73
2F
74
74
65
6D
69
70
73
68
68
68
67
6D
31
00
00
00
63
6D
00
00
20
65
00
70
6E
69
00
70
3D
68
78
65
61
6D
72
00
65
70
69
30
30
68
74
6E
00
61
2E
67
32
68
5F
3D
75
00
68
3A
6F
31
00
68
72
68
73
3D
6F
78
6C
00
00
00
00
00
2D
7C
6F
72
67
78
6C
6C
65
23
2F
62
6E
63
2D
61
00
74
29
05
00
74
6E
61
65
3A
05
05
76
73
75
74
30
68
74
79
00
75
5F
00
65
76
00
6F
63
6F
6C
6D
00
6C
6C
00
00
65
69
00
00
00
00
40
00
61
64
00
61
2F
00
00
00
00
00
00
00
00
69
78
78
65
78
78
00
00
00
3F
00
30
6C
37
3F
64
70
65
6F
00
61
00
00
00
61
0A
73
00
68
2F
67
72
65
64
00
00
6D
6D
2F
65
62
6E
65
79
15
8E
D2
25
00
54
4E
58
00
2F
00
00
00
65
6F
6E
00
00
00
00
78
6D
00
65
2F
41
41
00
78
67
6C
75
68
3F
00
73
65
65
00
75
72
65
37
00
F2
37
00
23
00
00
2C
47
F2
F2
F2
00
00
43
63
75
2F
63
0A
65
65
64
00
67
00
74
00
1E
6C
76
3F
6C
64
70
74
00
61
68
76
00
00
00
4A
55
00
25
70
3A
6F
2E
00
00
73
2E
00
63
00
73
61
67
6D
65
65
70
67
00
00
63
54
96
00
00
00
00
00
00
64
2F
00
67
67
50
70
00
6E
63
68
00
3D
2E
00
00
4C
A5
68
6E
6C
2E
70
67
00
54
3D
00
00
6D
CC
FF
00
00
02
89
4B
4B
6D
3A
69
69
00
2E
00
00
65
64
68
6F
6C
53
67
75
5F
61
72
00
00
65
41
00
00
2E
75
00
3A
00
00
00
70
69
6F
00
72
61
65
00
00
00
00
00
2F
64
00
00
00
00
00
00
00
00
74
2F
67
2E
67
00
00
00
00
00
65
69
6E
6F
68
70
45
69
74
00
61
6E
6D
63
54
