00
77
49
00
54
6F
75
00
74
52
53
65
00
4F
20
69
67
00
30
77
6B
74
74
30
72
68
6F
30
64
6F
6B
34
41
47
6B
6B
6F
6C
69
00
4C
61
61
6C
75
61
6C
76
76
73
65
67
67
00
01
00
00
74
72
2E
52
D7
3F
02
C7
C6
0F
61
FD
45
C0
FF
80
C0
FF
EB
33
58
55
69
20
53
21
6D
20
00
00
89
56
31
5F
20
72
74
00
00
00
00
00
20
00
00
72
6F
00
00
53
73
73
52
73
73
73
30
45
13
0B
04
00
CD
67
04
75
3D
74
61
20
64
50
00
00
3B
69
74
AA
53
74
20
69
69
3D
00
49
3A
61
20
40
03
00
00
00
00
2F
2E
20
72
4B
52
20
20
20
00
47
54
54
20
00
20
99
A5
A0
00
6F
6F
69
74
6F
6F
A2
00
53
41
6E
6E
00
65
6C
25
34
82
1F
80
80
A6
11
13
17
90
80
80
E8
74
00
50
72
6E
6C
6F
64
6F
79
00
00
69
4F
44
6C
F3
6F
73
69
69
78
63
42
62
6F
6F
54
62
62
62
62
66
73
65
61
73
70
69
6D
66
69
68
72
75
77
73
78
6C
62
6E
72
6C
46
67
2D
62
6D
65
69
6C
75
61
61
76
78
6C
6E
6F
2D
68
68
73
73
68
6D
6F
72
73
73
74
6D
47
63
6C
65
73
66
77
77
64
6E
6C
79
2D
64
79
6C
6D
6E
62
69
63
64
70
74
54
73
72
67
74
72
65
2E
77
4B
69
69
2E
70
74
66
00
72
6E
74
73
73
70
6C
69
72
2E
64
6C
00
6C
63
6F
6C
73
65
63
74
61
72
6C
6C
72
61
6F
63
6E
65
77
00
74
4C
45
50
73
70
32
2E
65
66
63
65
2E
64
6E
2E
70
72
52
70
66
75
70
76
FF
52
62
6F
3F
61
63
62
62
62
2D
70
70
30
6D
6C
69
32
6F
6C
63
67
62
74
61
77
77
FF
6D
2E
44
65
6E
2E
6F
20
75
74
6D
6D
67
6D
2F
6E
2D
73
62
69
57
5F
6D
67
69
77
2D
61
6F
74
6E
2D
2D
2D
2D
2D
2D
2D
73
6A
6A
66
64
2D
00
61
61
2D
73
63
67
73
73
62
6D
63
74
6C
75
6D
69
74
70
00
70
74
70
70
56
CD
45
61
61
71
71
33
34
76
59
F6
50
5F
6F
78
61
64
65
74
00
6D
69
74
6F
6E
68
61
6E
90
00
67
20
6A
00
54
56
49
6D
61
73
3A
6C
00
64
61
73
6F
73
04
62
6C
76
01
01
03
54
69
61
74
74
0B
00
68
67
77
65
2D
2D
2D
2D
56
6B
69
6F
73
69
6F
77
6C
69
62
63
61
6C
65
74
69
73
6F
77
6E
69
61
64
64
4E
4C
69
69
65
73
73
70
70
70
70
76
76
74
3D
72
72
73
73
2D
2D
48
69
65
73
69
69
00
00
53
4F
4E
53
73
6D
73
63
63
67
67
68
68
61
69
62
72
74
61
62
65
73
6C
69
6F
65
69
69
78
70
71
71
72
69
65
61
73
73
45
2F
FF
61
72
70
57
65
70
00
52
45
00
54
00
50
72
73
63
32
73
73
73
72
72
74
76
6D
72
64
64
67
6E
61
33
74
70
69
69
6D
6D
43
63
65
65
63
5F
5F
5F
5F
5F
5F
5F
5F
72
2E
6E
65
70
61
65
6E
61
65
61
68
6C
2E
73
67
6C
66
77
67
6F
61
6C
63
63
75
74
66
4E
73
66
6F
73
73
73
75
70
65
86
5F
5F
54
67
2F
69
69
61
53
42
70
5F
01
50
52
00
00
50
63
89
43
42
6D
42
72
00
69
69
2E
42
72
61
72
64
2D
69
75
61
49
00
48
54
63
62
62
62
79
74
62
20
67
62
72
68
74
74
02
6F
51
73
6F
72
69
68
69
3D
4D
00
B8
00
08
41
68
42
41
44
F3
E4
88
45
61
68
48
63
63
72
44
00
49
72
32
AB
F3
73
69
6E
54
45
00
72
72
00
00
20
20
61
79
72
61
6C
69
61
61
70
00
7D
6F
A9
A4
70
00
00
00
73
00
65
6F
74
43
6C
6D
34
73
65
2F
70
00
65
66
69
73
73
72
6F
6C
6C
69
68
72
6D
BC
A0
41
41
00
54
62
69
4C
00
6F
73
69
67
69
67
73
6E
6F
2D
73
74
75
64
FF
6E
A5
00
42
4D
65
74
73
73
6C
65
77
69
61
62
6D
6C
6D
74
6F
65
61
69
69
4D
61
69
72
74
5F
4E
75
7A
2E
65
67
50
61
61
6E
64
61
6D
69
63
53
62
62
43
00
4E
59
44
4C
4C
4C
54
64
74
74
74
73
69
6D
6D
6D
6D
6F
6C
70
6C
61
74
65
75
78
78
69
6F
64
6D
5F
00
62
44
61
61
72
5F
66
63
63
77
63
68
6E
6E
6F
44
54
9E
00
00
4F
55
45
64
00
65
65
73
6C
69
70
69
61
67
43
00
00
4D
00
00
00
70
00
00
64
64
63
76
64
67
72
65
72
66
66
6C
65
70
70
69
00
74
4F
47
00
00
75
52
41
00
44
00
45
4B
4F
59
45
61
69
64
65
69
75
73
54
67
6D
61
61
00
74
2D
73
76
45
4D
6E
54
00
61
6E
6F
69
70
00
65
47
65
61
43
71
67
74
00
42
6E
20
2E
00
44
44
4A
00
00
54
6C
6C
45
4D
43
54
53
55
52
52
46
63
6E
63
65
00
70
77
61
08
00
4A
74
00
D9
00
7A
64
74
00
74
00
41
46
00
00
00
14
74
73
73
49
6E
01
20
69
6F
46
20
00
74
4F
50
4D
4D
4D
43
4F
73
73
4D
50
45
45
45
4E
42
4D
4D
47
54
54
4F
45
30
2E
2E
2E
00
54
00
61
62
77
70
6E
70
54
3F
6C
66
70
6E
6A
52
78
74
72
00
64
68
00
2E
79
64
20
72
70
76
73
61
00
50
67
78
78
70
00
65
31
00
31
6F
31
6D
2D
72
72
65
61
74
69
69
65
2D
65
65
6F
6C
61
6D
70
70
7C
65
70
69
61
7C
7C
64
61
70
64
61
6E
7C
63
6F
69
67
7C
6E
74
77
68
6C
61
73
65
5C
74
4E
6C
6C
61
54
76
70
61
2E
69
69
74
72
6E
76
72
65
20
00
3D
70
69
6E
00
3D
75
73
00
30
69
74
00
2E
74
64
66
73
64
2E
6C
6D
64
72
67
20
2F
72
70
73
73
6F
64
73
6D
6E
79
65
32
67
61
75
31
76
3D
74
77
77
61
66
6F
61
61
6C
70
00
75
00
77
41
0A
6C
6E
65
74
6E
64
4E
74
4E
4E
63
61
62
65
2F
00
86
00
65
70
63
74
74
74
6E
4E
6C
70
75
76
63
75
71
75
2F
66
73
73
74
41
77
7A
65
6C
70
00
73
69
74
61
69
65
00
00
00
00
00
00
73
6E
75
5F
63
00
00
00
00
00
00
00
00
00
63
66
65
67
66
74
AB
54
67
2F
6D
73
73
65
75
74
6E
6E
00
68
4C
44
44
66
61
6C
2F
69
79
72
70
70
74
46
6F
53
52
64
6C
75
74
70
74
24
75
47
25
7B
20
53
4C
52
70
00
53
64
73
74
76
31
00
00
3A
66
6F
20
64
72
67
45
53
66
69
76
76
61
62
00
61
74
6E
54
73
2F
2F
37
00
C2
37
2A
96
F2
F2
30
47
EA
C2
C2
50
6D
3D
65
2F
78
66
72
6E
64
2F
46
72
73
70
73
45
2F
4A
65
6D
6C
73
63
77
75
6D
71
6D
11
11
47
4D
6F
74
66
74
74
72
64
00
70
64
66
6F
3F
66
72
72
2D
75
73
70
2E
00
74
63
4E
75
00
00
00
00
00
00
6E
6F
30
77
77
48
73
6E
74
67
69
00
70
64
74
69
5A
80
67
65
73
74
66
72
00
43
3D
3D
74
73
00
00
00
00
00
00
00
00
61
6F
65
74
75
6F
00
00
68
6C
64
74
79
7C
73
5F
65
65
67
64
00
65
75
00
07
6D
65
65
50
00
00
00
74
69
2D
42
72
5F
72
01
01
01
02
42
6F
6D
DC
00
42
42
67
42
00
6F
6E
2D
2E
67
68
42
42
00
E9
E9
76
69
63
63
63
5F
45
69
69
3D
6E
74
2D
2D
25
