72
71
00
00
00
00
00
00
00
00
00
65
00
00
6F
00
00
00
00
00
00
00
00
00
00
00
00
00
00
00
00
00
41
00
00
00
73
00
00
00
00
74
00
00
74
00
6E
67
00
00
00
00
00
00
00
00
00
00
00
00
00
69
C9
4C
F2
4E
02
00
00
00
89
8B
2F
89
2F
3E
46
75
9B
00
50
4B
8B
90
82
02
3F
04
56
89
68
20
00
00
00
00
00
00
00
00
00
00
00
00
00
00
0A
40
74
00
61
6E
61
00
00
19
11
0A
00
CD
72
0A
61
3D
73
00
20
6A
00
00
45
00
20
20
AA
00
6C
00
6C
20
74
00
41
00
6F
00
00
00
00
00
00
00
00
00
00
74
00
00
00
00
00
00
00
43
4F
00
00
00
00
00
00
00
2B
00
6F
00
22
00
00
00
00
41
72
00
00
00
74
E0
0F
FF
FF
21
39
C0
1C
1C
00
90
00
00
62
00
00
00
20
00
3A
72
0A
70
00
00
00
00
00
00
79
F3
73
74
6F
6F
00
00
00
72
77
77
00
61
73
61
63
63
63
6C
2E
67
00
00
70
00
2E
2D
00
78
6C
00
74
2E
00
00
2E
00
00
00
2E
63
00
72
00
00
78
00
65
63
79
2E
00
74
00
00
00
72
2E
00
70
2E
67
00
00
70
00
00
00
00
00
00
00
00
2E
65
2E
6C
00
73
00
64
00
2E
2E
2E
64
6D
78
69
00
00
2E
2E
78
70
70
64
00
6C
00
00
00
00
54
00
00
00
00
74
2E
00
64
00
3D
00
6C
00
00
3A
00
3D
65
73
3D
64
46
74
00
6C
70
00
00
20
2E
2E
00
3A
2E
00
00
61
00
00
54
00
00
00
00
6E
73
6C
00
00
00
65
00
00
64
00
00
00
65
00
2E
FF
00
65
00
3F
67
65
65
63
00
76
00
00
00
2E
63
6D
00
6D
74
77
69
00
67
00
00
00
C3
70
00
00
6B
00
00
00
00
69
6E
73
73
00
66
00
2E
00
68
63
65
45
6E
79
63
6A
2E
79
33
6E
65
72
6D
6E
69
2D
76
63
72
00
63
63
2E
33
72
00
52
74
2E
00
2E
00
72
67
63
6C
00
2F
00
00
69
69
72
44
00
64
00
53
56
00
FF
72
00
00
00
00
64
64
00
FF
00
69
2E
00
FF
6D
00
2F
2F
00
70
63
2E
69
61
00
00
00
90
00
00
50
00
00
00
00
00
00
00
73
6D
00
00
70
6D
65
6F
70
00
00
00
00
00
62
00
00
00
73
79
79
00
00
6C
00
00
00
6F
76
68
67
00
63
2E
63
70
2E
00
2E
2E
6C
68
00
70
67
72
65
78
00
00
00
2E
65
61
63
63
00
00
70
70
73
7C
00
74
74
61
61
61
61
74
00
6E
74
00
00
73
76
00
6C
67
00
00
00
00
00
2E
00
00
69
65
2E
00
61
00
6D
6D
3F
00
2E
2E
00
73
66
6E
2E
6E
6E
2E
6E
2E
6E
00
65
6C
44
65
65
6C
65
6B
67
3F
00
00
00
00
00
00
00
45
74
00
00
00
00
00
00
00
00
00
61
2E
00
2F
00
00
3F
00
00
70
00
78
79
79
63
2E
64
00
00
78
00
00
00
00
59
6F
00
00
00
72
00
65
73
6F
72
73
73
65
73
00
72
65
62
6C
74
74
61
2E
00
74
00
6D
63
67
63
00
2E
69
66
2E
00
6E
63
62
2E
00
00
6E
6E
2E
70
70
74
62
6C
00
78
65
00
75
63
24
00
6C
65
78
00
65
72
72
00
00
00
00
00
B8
3A
00
00
00
79
00
00
6D
00
00
00
00
63
70
00
00
64
74
00
00
41
00
72
72
6C
65
64
6F
78
73
63
74
61
74
57
00
00
00
69
00
6A
2D
00
69
00
00
6D
00
00
00
C0
41
00
00
00
00
00
00
00
00
73
64
00
2E
70
00
00
00
00
61
00
00
00
00
70
00
00
00
00
74
65
00
00
00
00
63
00
72
79
2E
67
70
72
00
00
00
00
00
00
00
00
00
00
00
00
2E
62
67
00
65
65
00
00
00
63
00
00
00
00
00
78
78
00
70
61
68
70
00
6C
00
00
00
00
00
00
00
00
63
00
00
64
69
2E
2E
64
6B
00
68
2E
70
00
2E
65
5F
FF
00
00
00
00
2E
69
69
2E
67
66
2E
2E
69
63
63
69
2E
00
67
67
76
69
2E
2E
72
2E
6C
63
64
63
67
63
67
68
63
2E
6C
2E
2E
65
2E
2E
78
78
65
6B
65
2E
00
00
00
00
3A
3A
3A
3A
00
00
65
70
70
6E
70
69
62
6C
61
70
2E
70
63
70
00
00
00
78
6C
72
63
2E
00
73
00
6C
00
68
65
70
72
70
68
6E
00
2E
70
73
6F
6F
00
00
00
00
00
00
00
00
00
00
2E
2E
72
79
70
70
00
6C
00
00
00
00
00
00
00
00
00
00
00
00
65
70
00
00
00
00
00
2E
00
00
6F
00
00
00
00
00
68
00
00
00
00
73
4F
45
00
00
00
00
00
00
00
00
64
70
70
6D
00
66
73
00
70
73
68
00
00
65
74
73
4D
00
00
61
00
00
72
00
74
70
70
00
65
00
00
00
00
00
78
79
00
00
00
00
00
00
00
00
49
00
00
30
61
00
00
00
00
00
00
42
00
00
00
00
00
00
00
00
73
6C
00
00
52
00
70
00
00
00
00
00
00
00
2E
00
47
74
00
00
00
00
6E
70
70
00
73
00
00
6B
00
00
2F
00
00
41
00
00
45
25
44
49
69
6F
00
00
25
25
49
00
00
50
4E
56
00
00
00
49
00
00
00
00
00
74
00
27
68
00
75
78
00
0D
00
78
00
72
00
44
72
00
00
74
00
63
00
00
00
00
74
00
74
00
00
2E
00
00
00
6F
6D
74
70
00
63
0D
00
00
6F
00
00
6E
00
00
3D
00
00
00
65
00
39
72
69
70
68
70
0D
00
00
00
00
00
7C
00
00
00
00
00
00
00
00
00
00
00
00
00
00
00
00
00
00
00
00
70
00
75
3C
74
00
6F
00
00
00
00
69
66
00
00
3F
6D
6C
6C
6C
74
00
54
00
00
00
03
03
00
00
49
02
00
00
61
02
00
00
00
00
7A
63
73
00
6F
00
64
00
65
00
00
7A
68
2E
00
65
70
00
6F
6C
73
00
62
00
3D
00
6E
00
00
69
63
66
26
00
6F
72
22
00
00
00
00
00
2E
00
3D
00
68
00
03
03
69
00
00
20
6F
65
6D
3F
00
70
00
00
00
00
00
00
00
00
69
69
0A
6F
74
6F
61
74
6F
6E
00
6E
64
00
6F
3D
00
2E
00
63
74
65
00
61
61
00
00
70
7C
00
00
00
00
00
00
31
78
00
00
66
00
00
00
00
00
00
00
00
00
00
00
00
00
00
00
00
00
00
00
00
00
6F
72
74
00
6F
70
00
72
00
00
00
2E
00
65
00
00
79
00
65
00
61
00
00
65
65
64
6E
6F
72
6F
68
00
00
00
2B
00
31
52
0A
00
30
00
00
00
00
65
04
00
00
00
00
00
74
00
00
72
00
4F
00
00
02
00
6F
74
6C
00
69
2E
5F
00
2E
70
70
00
00
10
00
00
F9
00
00
00
47
10
10
10
00
00
70
65
79
78
6F
20
00
78
2E
00
74
00
68
00
56
6E
00
64
3F
6F
3F
74
00
2F
6C
76
00
00
00
00
41
00
25
00
00
65
70
00
00
5F
70
00
68
00
65
2E
74
2F
3F
2F
00
00
00
00
70
00
F1
00
00
00
00
00
00
63
6F
00
65
65
2E
3F
00
00
70
64
00
00
70
00
00
00
00
00
2E
72
70
3F
74
00
00
3D
00
00
79
FD
62
00
00
F7
00
00
00
74
00
7C
6F
00
70
00
00
00
6E
00
68
67
53
70
6E
75
67
00
00
00
65
6D
00
00
70
61
00
00
00
00
00
3F
63
00
00
63
0D
74
00
00
00
00
00
00
3D
00
00
00
00
00
00
00
00
68
3F
00
70
6E
00
00
00
00
00
72
73
64
00
6F
6F
00
63
75
00
63
72
00
64
44
